3
20 -29 27
-20 -12 44
8 -22 17
79

4
42 35 -39 -34
29 25 18 31
-22 36 -43 10
-1 3 -24 -43
118

5
-16 8 8 16 43
-10 1 35 35 40
-29 -7 2 -16 3
30 10 1 31 -16
15 -9 -29 -7 32
129

6
-24 21 1 42 20 -39
-37 -40 6 -29 27 44
-4 -8 -33 -32 -22 -15
26 9 -5 -19 13 18
0 2 8 -9 21 2
39 -37 -39 -27 -7 30
166

7
-20 -21 -40 -3 9 12 -3
-15 -8 -17 -20 0 -13 8
-11 -43 -27 -2 13 36 -10
-37 17 31 38 15 -23 -32
40 7 -7 28 15 -28 -15
6 -37 8 17 25 21 36
10 -3 -12 -20 -38 -5 -31
99

8
-39 -17 -12 -37 -39 27 -42 44
22 -4 39 41 24 -9 -41 -20
26 -20 -40 30 27 13 -5 -20
-15 25 6 -35 5 -18 -25 9
-25 -17 29 23 -20 -31 26 27
-35 -1 -3 19 31 23 12 16
-41 -12 0 -16 28 -15 -10 -8
33 -38 23 -20 -24 38 -7 -6
170

9
32 19 -11 25 9 0 9 -8 -32
25 -16 19 9 23 22 33 -4 17
-31 -21 35 21 -25 -38 15 -8 8
1 17 -27 -2 43 -17 -41 -6 41
-41 25 17 -22 -30 -27 16 -29 25
-40 9 -45 -42 -20 -31 -41 -30 -11
-26 -34 -2 -18 -36 -29 36 -38 19
39 -19 -15 -9 4 -17 26 29 16
-45 36 -37 17 -41 -42 -19 9 28
291

10
-5 -10 -28 -16 22 20 -39 41 25 -20
-2 23 36 7 -12 -5 -34 27 -9 29
22 -21 -7 7 36 -29 -23 10 -20 -40
-39 5 -13 -10 -8 -45 -17 -12 -41 -20
3 -3 36 1 29 12 1 -30 -28 -9
14 -33 11 19 -31 -30 41 9 -7 5
-2 -5 15 20 -27 38 -10 0 -31 -12
-33 22 23 -35 -20 -20 -12 37 23 -22
15 -39 -8 33 -10 39 38 13 -24 -23
-42 18 40 -2 27 -37 26 -30 -17 35
240

11
11 -44 10 -33 13 10 -24 -39 30 22 16
30 35 -9 -43 13 -16 -25 -41 3 -27 -21
-24 17 38 -44 44 -6 34 -29 31 -9 -3
11 32 -3 44 12 -15 22 40 -43 -12 37
14 37 -6 -37 -34 -19 -8 -28 -24 30 -26
-13 24 38 -27 11 10 27 -28 14 36 -20
-12 -21 3 4 14 17 34 -18 8 -30 36
-16 -43 -44 7 36 -17 7 23 14 -30 11
-9 0 17 -40 -7 18 -34 -32 30 18 -44
-11 3 -31 5 6 12 20 -18 38 -23 -42
-4 -5 36 -28 -41 19 -2 9 36 -24 -36
384

12
34 -28 -43 -43 -2 20 -34 34 -32 -40 -24 10
-18 -6 -29 -10 -22 32 32 27 -28 -23 -33 -13
-7 43 -11 34 37 -17 25 -16 38 33 -7 16
25 38 -15 6 11 19 39 39 -36 25 -20 -24
35 -13 -7 -25 -12 19 -19 12 -40 14 9 0
-15 -23 42 29 -20 36 17 -6 -44 -1 9 -16
2 -20 -29 -3 -17 -27 -23 12 17 -32 43 4
35 4 41 -27 7 26 11 -34 -16 29 -25 -12
22 -36 13 -27 -37 31 -26 -9 23 -36 18 -37
2 29 -16 32 -8 41 28 -28 -22 -8 39 21
40 -2 32 -25 32 -2 44 17 -41 27 19 -27
4 -41 4 31 38 7 26 25 30 32 16 22
492

13
37 -16 20 -24 -3 21 -4 33 5 12 16 34 14
44 -35 15 -33 44 -26 -8 25 42 9 -19 9 29
13 -28 -31 8 30 -19 19 33 13 -6 -14 -27 15
-32 -43 23 10 -13 18 14 16 28 1 16 40 -39
21 36 30 39 20 -6 11 13 -38 -22 19 41 26
-11 -30 26 -15 15 -16 38 -16 -39 -11 -44 -13 -23
8 39 -33 30 16 -3 12 24 5 27 -43 19 19
37 6 -44 -40 24 -41 14 5 -17 -1 35 -3 30
-14 -44 22 14 2 29 7 -2 30 17 1 -23 6
-24 -17 -43 28 -13 23 11 41 -8 -14 -18 -45 10
41 18 16 -21 -6 -24 -13 30 -34 10 -43 35 -21
-27 -34 -25 -39 34 0 27 -28 28 -15 3 0 -34
-33 30 34 39 14 -6 14 37 32 34 27 5 -22
484

14
-45 36 -16 -12 -33 -4 11 20 40 11 36 -23 -34 15
2 -35 -30 27 5 19 -8 -29 -20 23 -6 -33 -24 -2
10 -38 17 -38 8 -4 -31 -33 -20 -20 -25 2 -29 6
4 -1 -42 37 -31 -25 3 -7 15 4 -1 -30 16 29
11 5 38 44 -26 -33 -36 33 39 29 14 15 0 -10
30 34 7 -43 2 31 12 25 20 2 43 -44 40 -29
-8 -33 7 -8 25 -15 1 20 -14 -25 -17 -42 -3 16
5 -26 -22 -1 19 -33 8 25 42 -4 13 30 -28 30
30 -9 -44 -27 -28 37 -5 26 -24 -24 34 -30 34 -35
2 -14 19 -2 -12 40 -25 0 -22 -2 -18 27 8 11
-30 -34 24 39 -32 15 34 40 -26 -35 31 4 -25 23
43 -44 9 4 -22 -3 -23 11 22 -31 -4 -24 10 -16
-33 2 35 -10 -16 29 11 -35 -3 40 -43 -27 -25 7
-34 8 12 29 19 -4 2 -23 33 23 3 -35 -11 4
289

15
12 -28 -25 24 25 -38 -39 2 -17 30 7 -17 40 -26 8
-27 13 -31 -41 -43 -43 32 38 -33 -18 21 18 -24 -17 3
27 -42 34 -25 30 25 -17 -45 6 -31 -38 25 -2 30 29
25 18 25 -23 26 15 36 -23 16 -17 25 -21 -38 -3 -41
-12 29 -26 24 -42 3 -7 19 -11 27 34 13 8 35 40
-23 -11 -38 -17 2 -43 38 43 1 33 35 26 -27 37 -40
0 -24 3 2 25 -23 5 18 26 -20 -14 44 -9 -6 36
-43 -18 -13 20 -39 -10 -28 24 39 -44 -5 31 17 36 -33
22 -26 27 -17 -18 13 -35 -39 -36 18 16 15 -20 -43 -30
-42 2 3 9 30 8 -7 -3 30 14 -17 -4 8 0 -15
-9 32 26 14 3 -34 -29 -38 -33 -22 36 -25 -22 -43 -11
19 36 22 24 42 38 -18 -38 -40 4 -16 22 41 13 43
-28 2 5 24 -19 28 34 11 -1 -42 32 -5 -10 -14 38
-13 -30 -6 -4 40 -9 19 28 2 -8 -37 24 21 -36 -27
-11 -25 -7 -31 -39 -11 15 -2 20 5 30 -20 -23 20 -35
459

16
-37 -33 -11 -11 5 -28 34 -16 -7 -24 -36 -31 -45 -24 -7 41
-32 -41 32 22 18 -10 -12 3 18 -4 -36 35 -15 -6 10 -24
-38 -11 -37 -18 11 25 19 44 -36 -17 -10 -9 -38 18 -34 -12
-26 -1 29 -40 32 -39 8 17 23 31 16 -36 -37 44 43 43
11 33 -38 11 -33 -35 -16 -12 -15 33 12 -11 -45 42 -4 44
-16 20 15 30 10 4 -11 -45 25 -9 3 25 -37 9 35 -35
-15 -8 24 -27 11 0 -24 -37 -30 -4 20 43 -6 -27 17 26
-10 16 24 -13 -16 -33 -12 -39 -1 -39 31 20 7 3 -21 20
42 2 -41 7 -28 -23 -12 29 -1 6 15 -32 29 -10 6 7
19 22 -10 -9 30 3 25 -28 -42 18 19 4 13 0 1 11
-29 -45 -44 36 -32 -36 9 -33 -17 40 33 22 -3 -26 -23 -36
0 -21 -44 30 -32 32 35 -6 21 32 4 -1 3 29 -30 44
-40 -41 41 29 -11 14 -7 9 -33 -23 -37 34 14 -42 20 29
-5 9 -42 -11 -2 16 -3 -16 -35 6 -31 -19 5 -35 9 -2
25 33 17 -8 -23 -7 20 31 30 -8 17 35 24 -45 24 18
-34 20 -42 38 25 25 1 -12 6 12 19 27 -1 -34 -41 -43
396

17
9 -6 -22 -4 22 -26 -1 37 -4 -3 -35 38 11 31 24 12 -2
-25 -15 -22 9 -8 -1 -23 19 -7 -41 27 40 -24 -13 -23 -42 -1
-14 -41 11 -7 -29 36 6 23 -17 -43 40 -1 16 -43 -43 -37 -23
17 -44 -26 -20 -28 39 -45 22 -16 -30 16 41 -26 -36 33 34 -34
0 19 -45 -40 -42 -7 16 30 -37 -3 -19 -26 21 -44 25 32 44
15 -25 28 -26 -32 -36 11 15 32 21 34 27 -37 37 -38 10 4
2 -18 -37 -28 13 7 3 -6 -37 -3 19 3 7 -32 36 -36 -25
-6 12 -40 37 -14 10 -11 -11 -30 17 26 -42 -45 4 -26 8 -29
-1 -2 24 27 -44 12 -20 24 -41 11 36 -34 -20 8 43 18 33
-3 -5 5 12 -30 16 18 27 -2 35 21 -9 -37 38 0 40 -9
13 -8 -16 -7 -7 44 24 -32 -18 43 -3 -22 35 -37 28 -15 -33
-39 23 -43 4 -16 26 -40 -45 2 22 3 -12 41 18 -9 -29 34
40 5 -12 -6 -41 -5 26 -2 33 18 -24 3 8 26 38 -40 41
31 21 37 31 -16 11 -21 -7 35 -23 -25 24 -15 -20 -40 -38 -45
-32 -23 42 17 -44 -18 -24 -40 -5 -37 29 -4 39 40 10 -17 44
31 15 -22 -43 10 39 -37 -44 -31 -27 5 18 2 -8 -30 -4 7
12 16 -38 -21 29 -7 15 25 33 2 -5 41 41 -19 10 -4 -14
464

18
18 -15 20 -45 -41 -13 -18 5 -27 29 16 8 -12 -16 7 20 -31 -11
42 -41 36 7 -15 2 -21 7 38 4 18 -17 43 12 27 -34 7 10
-13 34 12 16 38 -40 39 -37 -33 1 37 2 -36 10 0 44 25 0
1 -35 -45 -27 21 -4 -7 23 32 34 30 -42 26 -23 21 41 -12 -21
21 -20 -34 30 12 -23 -10 22 15 -9 -6 -38 28 44 32 -19 10 -3
10 -31 -33 -29 -22 -30 -27 -41 -23 -37 19 14 25 -33 -23 -25 -23 -1
-11 15 -3 22 27 43 25 -43 -17 24 -39 31 -29 0 12 -22 -14 -27
-34 5 -43 40 12 7 44 -19 -43 -45 10 -18 30 7 21 -13 36 39
44 32 -13 -31 -10 -25 31 -6 43 -9 37 -26 -43 1 25 -41 -37 17
-4 -6 -42 34 22 0 40 25 -9 -45 39 -1 -36 28 9 17 -21 -2
31 42 -31 26 -37 -28 9 8 -11 28 43 -37 1 26 -1 -41 35 -3
36 -35 -36 31 -27 10 29 30 0 -2 -18 -37 10 -16 -23 -19 -28 -35
3 15 -15 30 -21 -31 -34 -33 26 -17 -1 -32 -45 -40 37 -34 25 -32
-11 -45 24 3 42 -23 17 -35 -19 -20 -27 13 30 -26 8 -12 0 -25
-33 -39 30 40 19 -39 29 1 -14 -13 -2 -24 -29 -2 3 -36 37 -28
-14 -45 17 -38 -33 -32 32 31 39 -32 -3 -21 4 11 4 16 44 19
-17 -7 -20 18 19 -4 36 -15 12 -41 -36 19 -36 21 -19 -10 -44 0
3 -41 38 16 -38 32 -33 15 -42 -39 27 31 16 -1 -2 29 25 -1
580

19
38 -3 24 -7 0 22 -23 -24 -45 5 -2 25 -21 -4 -3 5 30 -19 39
-5 -13 -16 32 11 37 2 -19 -8 -15 26 -31 33 -28 13 6 19 -34 -25
32 29 -6 -21 -2 -13 -7 37 20 41 -42 -41 9 -23 -34 -23 34 9 9
-33 0 42 -5 30 35 -26 -10 10 7 11 34 23 -6 10 -6 -36 -45 -38
30 0 -27 44 27 -16 -12 -19 -29 37 22 40 23 42 -36 43 20 34 -11
9 -11 -21 41 27 -15 -36 -38 -20 9 44 27 -43 -24 27 23 -36 38 0
-30 -35 -4 8 -43 -3 33 12 32 37 13 -5 35 5 19 -9 18 5 3
-10 14 18 -23 -37 16 -28 -35 19 19 41 -27 -45 -40 -26 19 -21 -33 25
-24 -2 39 17 -24 -30 12 -32 -36 -23 -18 29 -36 -28 6 2 30 -4 32
-12 37 30 -13 -32 38 36 18 13 -10 15 31 -5 -22 37 -16 -41 -4 42
-4 -38 -4 2 -37 33 -8 34 31 -45 -7 2 -11 -23 -9 24 33 -10 -34
26 24 -15 -4 43 23 -7 -9 32 5 -28 33 1 -39 33 -45 25 36 -11
22 -1 21 -42 -41 18 -26 33 -19 8 -42 -1 -42 38 38 14 -28 -34 11
-3 24 14 -3 4 -17 14 -33 37 -5 1 -23 11 32 -1 13 11 -40 20
-20 23 24 34 -33 27 28 -39 -31 39 8 -8 15 34 -31 -6 9 -37 -43
-29 20 -11 6 -18 -8 24 -14 -8 11 3 -20 -19 9 -3 30 32 18 34
1 14 21 -23 0 -28 -16 -42 30 -12 -3 -7 34 4 9 33 -45 35 -28
-3 -3 -13 -4 -9 -6 10 14 -19 27 -28 -42 -19 20 20 6 -13 -5 -2
34 -12 42 -12 38 43 39 -28 13 20 17 20 -3 39 15 -24 -9 -32 -27
629

20
30 -2 -6 -23 17 43 -6 32 23 -39 -38 29 -7 -18 15 22 44 35 14 -7
-42 -45 35 -3 -20 2 4 31 38 -39 -39 32 3 12 -22 -23 24 -44 -16 -25
-8 -15 -3 8 -19 -11 -41 -45 39 32 -25 -7 -27 -26 -23 30 8 41 41 -30
-7 8 38 17 44 -26 -20 25 -41 -7 42 42 6 -6 -45 18 2 -19 -30 36
-3 3 37 -39 30 13 14 -16 -10 -8 13 28 -40 -31 26 29 -9 25 8 -38
-37 -22 41 0 34 -23 31 24 -27 3 -17 -19 25 -40 17 34 15 31 32 -14
5 41 -10 11 24 -31 37 -8 12 -29 -19 21 18 -37 27 -27 7 -9 -29 7
26 35 -35 31 -36 -13 -43 -45 -4 37 -32 4 38 -24 1 -33 33 -15 21 20
-15 -6 -34 -43 -24 6 8 16 -23 -2 -18 -21 15 -21 4 15 31 3 1 -8
-34 37 40 20 -43 21 28 -4 6 15 -15 -24 14 -5 -23 -14 23 -38 9 3
23 -15 23 42 10 34 34 13 16 31 -19 -15 28 -16 8 -8 -1 -9 -45 0
22 -34 -35 6 -32 -40 9 -26 -43 -28 36 23 38 43 13 25 -31 42 -35 -33
32 -30 25 19 -11 -45 -8 -15 32 29 32 -14 -38 -36 25 12 -25 -28 29 4
-20 14 11 -1 40 3 -9 30 16 27 -22 1 -19 32 12 7 -14 -10 -29 -32
12 -21 -13 -28 -15 4 15 29 -27 -45 5 42 -32 5 32 -28 3 -19 24 31
8 7 14 -41 6 -15 -40 -25 -4 -28 -19 29 -45 16 37 -44 -18 -6 -32 -10
32 6 12 15 -23 -19 -12 20 -45 -5 -41 -40 10 -16 4 -41 9 -17 10 44
-1 -6 -13 -45 18 20 41 -4 13 30 35 -36 -33 -11 43 -44 40 43 26 -20
42 -15 -25 -44 -32 -24 -27 16 -34 32 -9 44 28 -31 36 -7 -26 11 41 2
-15 36 -38 -31 5 39 37 -24 -15 2 -36 11 1 -15 -43 -31 -26 -14 32 -3
831

21
-45 -38 27 21 -10 14 -6 -10 -39 15 -18 11 -34 6 6 2 -2 22 -31 10 38
30 2 39 1 -37 44 44 -16 9 -26 -25 18 19 18 36 22 15 -9 -42 34 31
-30 18 -40 9 22 -43 -28 20 -20 -34 5 23 23 -31 4 32 -26 -19 15 -5 -40
-4 -5 -39 37 -9 33 14 25 27 -14 -34 21 -39 15 28 33 37 -14 42 26 9
-16 -37 14 40 41 3 -13 34 -4 -35 -12 -7 26 18 -22 44 16 -15 -32 3 40
-3 24 -6 -44 16 -1 21 43 -18 40 18 14 -4 -33 -14 -9 42 -6 -16 -18 35
-15 -25 22 -18 -20 41 5 34 -25 -45 28 -22 13 31 -17 -25 38 -20 -41 10 36
-31 -30 15 24 -16 5 36 7 19 35 29 -24 -40 -33 3 16 19 -10 2 -29 -37
-39 39 34 -10 28 -19 -42 -29 -42 -31 -20 16 43 -29 -40 -38 3 41 -10 13 -18
1 -35 44 -43 8 19 24 3 -26 35 1 -7 27 -38 -25 25 -11 1 -21 33 -9
15 21 3 4 -39 40 -2 8 -29 -6 -34 2 26 4 29 35 -12 -25 7 -22 12
29 -22 23 -23 -29 -37 29 -18 -31 -6 -34 25 36 31 -12 -5 -3 1 23 -19 39
-42 -4 -11 36 -45 3 -9 34 -45 -19 17 9 23 31 -3 24 -19 35 32 13 -19
-43 44 -45 22 35 18 -5 -5 35 18 29 41 18 26 27 -12 -14 -30 5 -8 -8
-32 -32 -7 -30 -33 -45 36 15 -29 11 35 13 13 -45 -4 -11 -32 -35 29 41 -6
-35 7 33 12 -40 -41 15 -9 39 19 -18 -25 34 33 31 6 6 22 18 4 24
19 -38 38 -17 -40 25 -15 44 -28 -40 20 -4 42 -42 5 5 3 -38 40 -25 -21
-24 36 8 -8 24 -33 10 27 7 -13 -35 -8 15 -10 0 39 -16 -45 -21 -15 -9
22 14 6 24 36 30 -20 -44 -42 15 23 -17 0 -2 -30 -15 35 -20 13 19 -29
10 17 10 -42 -18 12 -40 10 -27 -38 15 35 32 -1 -23 -43 13 32 -19 -15 25
4 17 -13 -36 -31 37 -15 9 -6 19 11 10 -25 -34 42 40 20 9 -27 -25 -9
741

22
41 -16 -22 44 -23 -42 22 -14 3 13 -16 41 20 15 42 9 -13 -7 23 30 -38 15
21 -4 44 10 13 4 17 -20 24 34 -24 -15 40 -14 27 16 4 -36 -41 0 29 9
-44 35 -2 6 23 34 2 -38 6 37 -45 -20 7 27 -45 11 -11 -28 13 -23 33 -6
19 -11 19 11 27 15 33 13 25 6 31 -34 -6 -37 -33 -38 25 27 22 16 -17 -17
-15 14 24 44 16 38 19 31 31 7 21 7 -30 -36 31 -33 -38 32 -26 37 -34 -7
-6 -5 -13 36 -1 -18 -9 31 -1 -29 -35 -9 -42 -40 31 27 44 40 39 39 20 -22
-10 32 38 -43 -25 13 20 35 -3 -10 -28 37 -26 -17 12 25 -7 -8 -6 -45 -38 4
-4 24 -40 26 -20 -20 32 -22 43 -28 17 -29 -41 -1 42 -4 -39 23 -35 8 18 20
-27 -34 30 2 -31 -26 1 2 -1 20 -30 31 -9 -31 42 -7 -12 -6 -42 -26 -9 44
-26 -42 -21 -33 27 42 -15 16 34 -1 30 20 5 38 41 22 -34 12 22 -4 18 42
-45 -27 -37 27 -1 13 -11 16 5 -1 -17 -27 37 26 -22 -44 -9 4 -28 27 30 16
-45 15 9 -42 -3 10 -17 -10 -3 40 -19 -24 -42 -40 -41 -45 -3 17 -18 -28 38 -14
-8 -14 -44 -30 -2 -36 -24 -28 -21 36 -33 -17 -27 -7 -28 -4 -30 23 -13 -30 -43 -12
37 15 22 -28 42 -9 -39 -1 0 12 23 14 -23 -22 -44 -19 -33 -26 -31 -21 16 -10
-36 19 32 10 27 -44 1 3 30 22 -17 -41 -6 -14 -8 -20 -34 29 -35 24 -9 -1
5 4 -30 39 -6 34 11 -32 -44 22 17 1 5 -42 -15 -14 8 -40 43 41 27 -45
-15 -27 29 15 34 31 -38 -16 -32 36 44 10 -31 -17 -5 32 7 12 36 16 21 5
-13 37 25 -11 40 24 -25 -40 25 -6 16 4 -27 41 -35 23 44 25 -40 17 9 25
2 40 34 -43 36 21 -2 -14 -41 -35 -21 24 31 36 34 0 35 -17 -37 -37 -35 4
38 9 -36 -2 22 28 12 -34 11 -42 41 6 -11 29 -1 37 33 -1 7 -6 -11 6
-21 -6 -35 -27 33 -1 34 22 8 0 15 43 -43 -21 38 -8 43 15 18 38 -1 -25
27 -21 2 -40 -45 43 -6 8 0 15 -30 -13 -16 14 -12 3 39 -33 -23 33 -5 -4
999

23
-13 43 27 26 35 -8 -12 9 -6 18 -19 6 -22 29 26 -26 23 -1 -20 -3 -7 9 -15
-8 32 -26 -30 20 15 6 -30 21 5 -28 21 30 -27 25 35 35 0 -35 20 -3 -29 13
-26 -30 6 29 -20 -41 -37 13 -26 23 12 -11 39 16 -23 12 39 32 3 4 -44 -40 -37
40 -45 42 8 -11 42 -18 34 32 -24 -27 44 -45 -31 30 -19 -35 13 36 43 43 -28 28
31 -26 13 33 -29 32 39 11 11 -32 -39 11 29 -18 -5 18 16 36 33 25 -32 20 16
-24 -2 -37 5 -8 35 -36 -38 -35 22 -28 -35 -11 21 -37 -35 -44 37 9 6 31 38 2
-44 43 15 40 -26 -39 -36 -8 15 -34 3 -9 -10 -38 -18 2 20 2 -40 41 34 11 -28
-39 41 8 25 31 32 3 -32 30 -18 40 -38 6 22 40 34 -44 -45 -16 2 43 31 -16
18 -43 19 -10 34 -41 25 42 13 -11 26 8 43 11 -20 -23 4 -34 43 17 -36 -6 -45
20 24 24 12 -41 40 4 -36 -27 -25 12 34 22 -33 -3 14 -37 -41 -15 -18 18 25 -32
42 -22 20 22 25 -10 44 -32 -25 -22 -43 43 10 -36 -8 20 -44 -36 -20 7 -12 -14 21
3 -35 -38 -3 35 12 23 -33 -18 40 11 27 -11 -16 -27 23 18 -26 -39 -9 11 20 -32
31 4 16 -16 -17 -28 -7 -28 25 11 1 -28 12 17 38 -36 0 -4 -35 20 -42 44 -19
-42 -9 28 -15 6 -12 -19 39 -35 28 41 -24 37 -26 -17 -5 40 34 22 30 -29 32 -33
5 -39 25 -36 5 40 1 44 -36 31 -22 12 37 -1 32 31 29 -2 16 -9 -12 15 -4
-44 35 -28 -45 -31 31 -19 -32 -36 -30 -21 -23 -21 25 -22 20 44 8 28 32 -11 13 6
-9 40 -37 -43 37 -13 0 -4 23 35 10 24 -26 -12 39 -14 -32 28 17 -32 -4 12 -23
7 -39 5 22 17 27 5 28 -39 -13 -17 25 -40 -39 28 -12 26 9 19 1 -13 13 -44
-41 -13 -41 -23 15 -42 16 0 -36 24 18 0 41 -14 10 27 14 -27 -38 3 -8 35 8
34 -21 -16 -5 36 3 22 -35 34 38 -41 1 -10 12 4 34 25 -11 32 -26 -44 -14 6
32 -44 -30 26 -40 -17 -20 -35 9 -32 23 -30 43 -15 8 24 41 -13 13 28 6 36 30
-25 -30 -36 -17 -19 -32 4 16 7 2 18 -4 -7 21 22 17 27 9 28 -6 -13 11 -3
6 4 -29 9 35 31 -13 2 44 41 -29 40 11 40 -45 43 41 -41 -3 -29 12 -21 33
899

24
13 26 -15 -19 -14 32 -36 -41 26 6 17 -15 16 22 -13 -36 -28 12 -3 26 -24 28 12 0
-16 43 0 -9 -44 -39 -6 21 -7 -22 2 3 -44 13 25 -40 37 41 26 -31 -28 -1 9 -27
-2 37 42 -5 6 -2 29 29 -31 29 41 -12 -13 18 -43 20 -33 41 36 -8 -25 28 -37 3
31 -8 33 -21 -44 -3 -18 30 -11 -19 38 -36 -37 43 -30 40 -7 17 -11 -28 17 -8 17 -26
39 -39 -43 -24 7 -29 43 14 29 -7 9 -31 9 5 28 16 1 -35 43 -39 24 38 11 -32
25 41 44 3 -6 35 31 -6 19 14 -15 39 -5 -39 -23 -28 -17 -22 -21 14 -11 -45 -15 33
33 17 15 6 -7 11 -6 -45 -6 34 -5 11 -28 -6 -26 38 7 -31 -6 40 -26 33 -25 -5
32 25 23 0 13 42 23 24 10 -35 15 21 -25 -20 -45 -38 -26 -16 -1 6 10 11 -45 33
-42 -15 -38 -26 6 -10 13 44 -4 -25 18 12 33 38 -14 -3 -35 15 -44 -39 24 -2 18 -18
-31 -13 20 35 -12 14 30 -24 25 34 -3 -17 35 3 -27 -26 -3 15 -21 -45 6 -13 -27 -20
42 -43 -5 39 9 39 -36 5 12 24 -40 -27 14 23 10 27 -11 -4 32 44 -4 -42 6 6
-4 26 9 -37 -26 18 20 26 -32 -5 37 -14 -27 35 12 31 25 36 15 -35 -2 44 4 19
-41 -3 10 -35 0 -26 28 39 -4 33 -3 27 -15 -45 -14 39 -41 -22 -40 -26 30 -21 8 -1
29 -44 -27 5 -13 -4 -37 -4 -24 34 -41 21 -37 9 -19 38 11 43 35 -15 -8 29 0 25
5 21 -40 -25 39 -15 33 25 33 -35 -20 -2 -44 -22 6 44 25 -45 6 -5 41 9 30 -6
41 -33 7 31 -11 -22 -39 -45 0 -7 44 11 -10 33 2 36 -44 -21 33 42 -16 28 37 -12
-8 35 5 -8 -23 -40 28 40 35 11 -22 27 23 -43 -10 10 -42 -20 42 7 -21 40 9 36
-2 15 -6 17 21 33 -35 -32 -25 -26 -7 -1 18 14 22 -6 9 -42 20 24 10 20 -33 43
33 -23 38 -41 30 -16 -36 -3 -20 13 39 7 11 -34 -26 -43 0 -35 6 3 8 36 37 -11
2 3 42 -25 -26 30 -19 22 2 -5 28 -2 40 -39 -18 35 -35 41 -27 -41 20 -31 27 -2
28 18 -22 -1 -32 8 -10 41 -15 3 1 -18 -13 33 -23 -5 -13 -29 -40 -29 -17 21 -39 -6
27 16 -7 11 18 33 13 -13 20 -1 -9 1 6 26 8 38 -40 31 -33 -9 4 -45 3 -24
18 23 16 3 -36 11 -30 -38 11 28 16 -3 -30 23 -22 -3 35 -31 7 32 -4 21 33 5
8 -34 -34 -4 8 15 35 27 -32 -29 38 39 -29 -36 -23 -37 -16 -16 34 22 -35 -34 23 -19
1006

25
38 4 30 -17 -16 3 24 -6 41 -16 5 -31 -9 -15 -16 33 19 -4 -11 -45 13 -42 20 -15 24
7 -4 -9 -2 31 -12 -44 -34 26 -7 9 44 20 26 0 -29 -14 25 15 -37 38 -15 3 23 29
24 -34 8 -45 14 34 29 -1 3 22 -38 -13 40 -35 40 4 -43 9 36 20 33 43 15 33 28
-18 -22 -41 -24 31 -24 37 13 14 -39 -24 -8 -35 -33 3 24 0 -28 -42 -7 28 -10 14 19 4
35 20 12 -43 40 26 -4 20 -29 -14 11 24 -23 17 0 -30 19 -19 -42 19 -34 37 -3 -13 41
-12 26 11 -5 44 37 8 -15 17 40 1 -20 11 19 -20 24 17 39 25 37 44 -23 -1 3 -23
-36 -36 11 -45 -7 43 -22 -21 -40 6 -45 30 -20 -29 -6 -43 -6 5 22 44 35 -37 7 22 39
-7 42 16 -5 42 -35 -19 -38 -28 35 28 42 -16 -22 41 -22 -45 5 -33 -20 39 -8 22 -14 34
4 17 22 4 -13 -45 2 33 -40 44 -45 6 28 -37 -5 18 22 -38 -19 11 -40 -36 -19 25 20
34 3 -6 -3 -45 -44 -25 -16 6 -8 -7 3 3 30 34 -20 -37 -21 -21 41 16 -28 -4 16 6
-29 -16 -4 20 29 -6 -9 42 28 -3 -3 -38 -9 -41 42 25 -24 -23 16 -43 -30 -26 -23 -9 -15
41 30 -44 28 -41 17 -39 22 35 29 16 23 9 22 43 -43 6 19 -13 -8 -27 17 -25 -19 -29
-6 40 25 14 -9 41 -38 -40 -10 32 9 -11 -32 24 25 -10 -16 1 -26 -20 -44 12 -1 18 44
8 -1 34 43 -34 -22 10 19 12 9 21 -19 -37 -2 33 9 18 -27 34 -12 13 -8 40 7 -44
34 -29 -45 -44 -31 26 -5 -38 14 28 -4 -28 -39 -22 8 43 14 1 -31 -42 -37 -25 -42 -14 16
-17 -6 10 -16 -14 -29 4 -18 42 -23 -38 10 18 -2 27 -19 -26 -7 15 -9 -9 11 39 -19 -11
43 35 25 3 38 13 -33 13 -16 30 -13 30 22 -17 11 37 35 -36 -44 0 -12 40 -43 -13 22
34 27 -12 40 -21 16 -1 -16 39 -13 -20 23 23 -41 8 39 41 -11 12 -6 -5 -4 -35 -42 -2
1 2 37 25 -45 -42 33 -7 26 -42 30 24 17 -41 -32 33 1 28 40 -15 -31 -34 -40 -7 6
-8 6 -10 37 -19 -8 17 -16 -3 23 -31 6 3 38 -16 -8 -15 42 -45 23 -30 -22 -16 -2 6
39 13 -31 18 -16 -11 -3 -1 -27 8 -4 -3 0 0 11 -32 -5 -25 -19 44 -19 42 35 10 37
29 -31 -41 15 -9 -32 -24 36 -15 -13 24 2 10 -33 -11 17 -39 -15 -16 32 39 29 -3 -12 9
19 -43 -42 -1 -20 41 23 3 25 -1 -26 -8 29 27 -6 -25 6 -31 -33 32 10 29 -38 36 -19
-26 12 5 23 42 44 17 16 -40 16 -35 -27 -9 -40 -10 -45 44 30 13 -31 -20 -24 2 34 12
-13 14 -16 1 44 35 39 -34 -27 -40 -16 -27 25 28 0 2 21 24 -34 -17 -44 -30 -36 22 31
1161

26
23 -4 43 -31 2 30 31 23 34 -32 -9 31 26 2 -2 8 1 -38 -30 33 -1 -18 -1 -27 14 -7
22 -27 7 -43 -6 42 18 4 -45 9 -5 13 21 -36 32 16 -26 1 -13 19 35 -28 23 -21 -4 11
28 -35 -23 -5 41 24 -1 -36 -37 13 -29 32 18 -7 -32 -23 1 33 -32 33 -15 -39 -45 27 -37 43
31 40 3 4 -5 -18 6 27 -31 7 -18 5 13 15 -32 12 -45 -26 0 -13 27 39 6 13 16 34
-34 7 -19 22 -36 -5 -13 43 38 4 5 4 -28 33 -20 36 -21 5 39 41 -25 -3 20 18 -40 26
-18 20 -30 36 -11 35 33 5 -29 43 1 -9 -2 32 -27 14 22 8 -39 -4 -44 11 -38 36 14 -45
18 19 14 13 32 7 17 -17 -33 11 28 -44 -31 15 16 12 16 -19 -11 33 -39 -38 23 5 19 -34
11 9 24 15 13 -22 -23 -12 -29 -32 35 2 -34 38 19 -31 19 6 31 21 -6 -10 24 -11 39 25
1 26 38 10 41 -37 38 20 41 -38 4 -3 43 4 24 25 -1 2 21 -31 -30 -4 -31 37 -12 -29
19 43 17 -25 29 -11 20 33 21 -4 -5 6 -28 27 9 -9 41 11 10 -23 8 -19 42 13 36 -23
13 25 9 -40 11 -44 -24 24 -12 40 -43 20 -22 -31 21 -35 27 -17 -15 37 -16 39 5 23 -1 3
-18 -34 8 -7 -44 -41 -17 7 21 39 -22 16 29 -7 -16 -7 -7 14 -11 -25 -13 -5 0 -3 -2 14
-18 43 37 19 -25 31 6 -37 19 -35 -30 40 38 42 -8 15 -7 27 32 -34 -1 37 8 36 0 36
-11 -22 -30 31 11 -34 39 -13 22 -15 15 -43 18 -8 -36 20 18 -26 -23 -3 20 -9 28 16 -44 17
10 -13 -30 -11 -10 -45 -27 -16 -4 -18 38 32 -2 -41 -44 6 -25 -38 -45 -9 -37 -6 -44 23 -27 -11
13 -43 -30 43 -6 -2 29 38 0 6 -28 -13 39 14 28 -11 40 27 26 31 20 -27 -4 -31 -30 21
15 10 9 -30 -15 -9 -29 -44 -14 -29 -31 -2 33 -5 -43 5 4 -6 -12 33 -33 -14 7 19 -1 -26
42 -13 14 -5 6 -44 27 17 27 -26 -16 -16 -25 26 -29 38 -18 12 -25 -3 38 -14 28 -31 14 -44
25 -18 9 -16 -42 34 16 -35 -7 29 -14 36 10 -33 15 -30 12 28 -25 -26 -27 7 17 -27 -41 39
-1 -44 -19 11 4 -1 26 4 -24 0 -38 -2 -29 -5 13 -36 -13 -14 6 -9 -43 -38 27 22 18 44
39 -6 27 -28 10 -10 -20 -37 -10 14 29 27 -21 32 -36 -40 35 -31 -38 -31 12 25 6 -37 -25 -15
12 12 37 -9 -26 3 38 4 4 -13 22 -41 35 17 -28 -37 -40 43 -20 4 -38 19 -19 42 -29 12
14 3 -13 -31 33 18 41 -20 23 12 -30 43 -5 -19 34 20 -18 22 -17 31 -21 -10 42 4 20 7
28 16 -22 37 -14 40 -25 6 33 -10 -28 -10 -2 -42 -37 10 39 5 37 -39 3 43 15 -14 -9 4
13 -15 -13 -21 6 28 -7 -20 34 -20 -44 30 -19 -25 23 33 -8 -1 2 36 -22 -21 23 14 -4 -9
11 13 -41 30 -44 36 1 27 -19 34 -27 9 28 -11 42 -27 -31 27 8 -37 -21 17 -17 14 5 -30
962

27
-13 28 -1 -10 -24 13 38 44 -14 30 1 4 26 34 -29 15 32 -9 42 16 0 -21 -29 3 -25 34 35
-1 -28 43 -17 -30 0 10 -28 -25 33 -23 42 -29 37 5 23 0 -17 39 -17 -18 12 -27 -38 -31 37 0
34 -37 11 40 -31 -13 22 -7 27 -12 1 -14 -42 -29 16 40 26 9 -7 26 23 39 0 16 -26 -19 5
8 31 43 36 -31 -23 -45 20 -36 8 37 -37 9 -7 -2 22 -10 43 41 35 -33 10 17 -9 -3 20 -34
21 40 7 40 21 33 27 -31 7 29 -3 -13 -37 -42 -5 7 -14 34 1 28 -13 -21 -29 -35 17 -23 -10
-7 42 -31 6 -7 -7 -34 -22 25 1 13 -29 -25 27 -21 36 38 37 11 32 32 16 -42 -15 2 41 37
24 -4 23 -3 -22 -2 -3 -12 -28 -7 -23 -41 39 42 25 15 -39 18 18 -19 -45 -37 -12 -23 -27 -40 -11
3 22 39 28 -41 -4 0 -13 26 -44 -42 -11 17 23 -7 -39 -3 16 33 17 35 -38 -44 41 12 29 15
36 15 -37 0 -21 -27 -36 38 11 -22 9 -27 7 -7 9 43 13 -43 -16 -45 3 6 -44 35 6 -16 -13
-2 -4 21 42 -29 -26 26 9 16 18 1 24 -29 8 29 27 28 33 -3 -20 -21 -19 -37 -13 39 -18 28
-33 -16 14 -28 39 39 30 10 -4 35 -20 -8 43 26 29 37 -20 -33 -23 -32 -8 18 24 -27 -43 -37 -41
-37 -28 -13 -12 -42 33 -9 13 -21 -43 0 7 30 -15 43 -13 36 2 -5 -1 -2 -5 -12 27 -25 16 -31
-10 -7 5 -5 -30 30 34 21 -8 -37 2 -23 3 7 -33 5 35 25 5 -8 27 -6 -15 33 15 6 9
5 13 29 4 -32 -13 19 -45 -25 18 7 -16 21 40 9 5 -22 -11 -20 36 37 -14 35 -2 -43 15 -21
-13 41 -37 17 24 8 -24 -16 -37 7 3 -11 34 29 6 37 31 -18 -5 28 -4 -27 33 -39 -2 -10 14
16 -26 23 -14 2 -2 -37 -13 -42 -33 -44 27 20 -1 11 0 42 19 -45 -10 -38 -15 -7 -42 -30 6 31
27 -32 -37 -44 -27 -11 39 4 -35 -15 -24 -44 35 26 -4 2 25 29 0 20 -17 29 17 35 -13 -2 44
7 -15 25 19 -30 40 11 -20 -27 40 -34 28 -7 26 40 1 -30 21 18 -36 9 10 28 13 -27 14 31
2 43 -4 -28 13 19 -11 -14 -27 -16 10 -40 -40 -21 1 -22 6 14 -44 -38 38 -12 -17 1 -31 13 -11
-10 42 2 -34 0 1 -36 -36 -19 22 22 -3 -37 -42 -5 21 -29 5 15 12 30 -38 -13 -24 44 -29 7
37 -32 15 40 -42 -45 -15 44 -11 16 -27 -36 4 41 -31 -26 1 29 -28 38 -42 -2 12 -34 40 -1 -44
3 -18 10 -19 -33 -17 38 -29 40 11 26 19 -4 22 -42 -40 -41 43 -5 -35 15 15 33 30 -8 26 -22
3 -6 0 3 44 4 44 26 16 23 -11 -40 26 11 25 -26 8 19 -36 20 -30 44 -8 8 -33 0 -12
-15 33 -6 24 34 -15 -40 -11 22 -6 -37 27 -30 -3 41 -13 -19 14 38 14 -2 35 -4 -21 -34 -18 -39
-38 3 -44 37 -10 -2 -30 13 38 -23 44 0 19 20 -24 -42 24 0 36 39 -23 -26 12 -35 38 -26 31
35 -5 -9 -31 13 7 -22 43 31 20 1 17 -17 44 29 -43 -36 -18 -31 -27 38 -23 32 17 24 -26 -13
29 32 35 35 44 -30 12 -20 -27 1 -38 -14 38 -5 22 -10 -18 -23 27 8 39 -7 -29 3 28 23 -44
1028

28
-30 -28 33 -4 -4 -3 -6 30 -11 -45 -9 -40 9 -26 -25 6 1 42 -38 6 -19 -14 -26 24 20 -8 19 44
-1 17 24 13 26 -27 2 15 34 -13 -22 1 35 38 -26 -21 3 42 28 15 -18 -42 5 4 22 -44 -22 28
43 -36 21 -42 23 -5 -15 16 -24 22 -22 -10 17 4 17 -32 19 6 15 -13 -33 40 -24 22 9 -42 17 -5
-34 -25 36 25 40 19 17 25 11 -26 22 -5 8 2 -43 25 18 -8 43 22 -14 -8 30 -30 -15 36 15 -43
32 43 -6 20 23 34 5 -44 31 -2 -5 42 32 36 2 -1 28 -26 23 9 37 -5 -42 -28 -41 39 -36 19
-10 20 -6 -42 -41 14 37 12 25 -43 17 18 42 -44 39 -25 41 -44 35 -5 34 -15 -13 -35 -33 -40 -35 -8
39 -24 15 28 25 30 10 -35 -42 -9 38 -28 43 34 18 25 2 -40 12 35 1 28 -24 -42 -41 13 29 -41
-12 -16 36 43 4 0 18 3 -13 33 37 -34 -10 28 -28 4 -38 18 -4 -45 11 6 8 -39 -8 -25 35 -34
-45 12 24 -33 -44 6 22 19 0 39 13 -3 -29 -30 -7 13 -33 0 -1 17 10 16 40 -15 -29 28 -7 26
21 29 5 -17 10 6 3 20 -36 25 -35 29 -39 -2 -41 -32 -41 44 29 -4 -32 39 38 37 21 -28 0 -17
17 -7 40 -28 -32 41 43 15 -11 -16 32 9 11 18 3 -13 -10 14 11 -33 12 27 -19 -28 44 41 13 26
36 13 7 -8 -39 -26 -42 15 29 38 16 -36 0 -12 23 19 -34 -25 29 -5 -10 6 2 -39 5 -13 16 34
-33 23 -27 -29 -18 -29 24 21 22 -6 2 -8 15 32 2 -4 43 1 12 -22 -42 6 -40 23 -33 -27 -10 -16
-34 1 32 18 2 -32 3 -39 19 0 26 -17 9 -43 42 17 17 -9 24 2 -42 -40 -37 -42 20 -7 31 6
17 -6 -41 -36 25 -6 9 -24 7 29 34 1 -16 -4 21 -2 19 -16 13 -45 8 -12 -39 20 -7 33 -20 -40
-7 28 43 -36 -18 42 -12 -20 -5 16 2 -31 -8 21 -36 32 1 -23 -27 7 -17 9 -17 -9 24 30 42 -16
-12 -17 16 37 -32 4 28 23 31 25 -26 -14 -37 -4 -43 -43 26 -2 8 32 -21 -27 -27 -30 14 18 22 28
-1 6 -15 -4 -45 -42 36 -33 -45 10 -44 33 38 -15 -44 21 -42 31 -2 31 7 -20 9 -20 -23 -35 -40 -30
-35 1 -23 -5 26 -45 -21 -21 -5 23 -14 -41 5 34 -43 -29 -3 19 38 38 -29 -4 -33 28 -25 35 -25 -27
41 -41 -26 34 43 20 -44 -2 -13 6 -39 38 -39 22 -19 -21 -1 -6 -20 17 -22 -7 27 2 -29 -34 44 13
-11 -6 -26 35 24 -40 -18 -10 3 -4 -40 29 33 4 28 36 12 -45 32 -6 -30 32 -17 26 10 2 40 3
-23 16 18 31 21 -12 -36 37 -14 -30 -32 -44 -6 36 21 -43 -12 -4 29 19 10 35 34 -30 -21 4 -2 1
-34 -7 -20 -24 -36 24 -32 31 23 -26 -37 -1 -6 36 5 -3 31 31 -45 -21 -35 -20 -8 -31 18 -24 38 -14
27 2 6 -29 35 7 26 37 34 37 36 15 22 34 -21 -32 -13 -16 -21 18 -15 -8 -17 -7 4 -26 -9 30
-45 -34 3 32 31 27 -41 -24 12 36 9 32 -36 13 7 39 39 -16 1 -24 -44 -22 26 -12 42 -26 -45 -11
-27 -32 12 15 -29 40 36 22 -12 -42 28 40 30 -43 1 -4 20 -8 9 17 30 -12 -1 -26 17 -30 29 21
-15 -31 35 12 26 14 -43 -1 -22 38 15 -32 21 29 6 35 1 5 -10 43 22 -15 13 4 10 -17 4 29
13 -8 42 -44 -34 -31 -8 -27 -32 -29 -31 -30 44 -43 -28 26 21 -5 41 -45 27 8 18 -33 24 30 44 -45
997

29
-40 -44 23 22 -30 5 36 -20 27 -26 34 -14 8 44 32 -44 10 22 -7 -21 16 -33 -42 28 -20 -30 -26 -41 34
23 -17 8 12 -44 18 28 -5 40 3 -13 7 -21 10 -2 6 30 -3 -39 30 -29 -4 -38 19 -8 -43 37 42 39
-3 -45 -15 32 -10 -42 36 -19 19 6 -19 -42 6 14 -27 -39 16 -8 1 4 -23 -6 17 -33 -27 18 -19 -24 34
-26 44 25 31 1 -3 3 -44 20 33 6 7 -20 -35 36 25 27 9 26 33 13 20 10 -9 -8 16 -43 -18 -28
13 17 22 14 -8 0 7 0 -28 -40 -28 15 -41 41 3 39 42 42 -17 26 -13 -9 -37 -1 -13 -24 -2 -12 -11
-7 29 -6 -25 28 -39 -29 29 37 32 10 -17 -21 9 4 9 -27 8 24 -38 -4 -5 19 18 0 30 -24 8 -23
-18 -29 -44 -27 -34 24 -25 22 -6 -25 34 -14 -36 -40 -36 18 -3 -37 27 4 35 -31 12 18 -19 37 43 -35 21
20 43 29 7 7 10 16 9 -35 -33 30 -17 32 24 -13 34 20 -13 -11 9 -45 -43 22 -6 -42 -13 -33 3 -18
37 -26 25 -35 -44 18 -23 -41 23 2 -6 -8 -36 -13 40 41 -24 -43 -10 -21 29 5 4 8 0 20 17 -24 -10
4 -25 -3 -33 -19 -28 37 -41 -28 31 -40 -35 30 41 30 40 -29 36 15 26 -2 27 -16 22 -21 -2 -14 15 -28
10 -20 -44 -45 14 -26 -19 42 -21 27 -31 -42 37 -42 -29 -15 -31 43 8 19 13 -17 28 -43 -5 37 21 35 19
33 28 31 -23 31 7 5 -42 -36 -30 22 3 42 36 -37 0 22 5 24 -32 -8 -36 -1 23 40 4 -19 -4 43
5 22 -2 -10 -23 -9 44 -17 26 -40 -5 10 -19 -41 27 31 -30 15 -9 20 2 17 -14 42 22 -18 24 -17 -37
-19 -18 -19 -37 -41 3 -7 -22 -33 19 0 -36 -29 41 0 -17 3 -34 -40 16 36 25 33 35 21 -4 33 -10 0
13 40 12 16 -25 -1 22 -31 1 -24 0 -11 7 -43 41 35 10 -14 21 31 14 -26 -29 18 11 -29 1 -7 -9
-13 8 15 -43 23 -1 24 33 -8 40 -4 22 -32 -44 34 4 -18 -16 22 37 44 -35 -35 -34 4 31 -6 24 38
-41 -41 43 -17 23 -31 13 29 -14 29 3 -28 -43 -28 -10 -21 -37 0 -28 -19 -31 -16 32 23 1 -9 -24 -3 3
-3 36 -40 44 40 -12 36 -2 -7 -10 32 -24 19 40 -1 -26 19 42 37 19 32 -4 -14 -24 -3 23 20 -28 -26
27 -14 37 -30 -19 33 38 -3 -28 -39 29 -1 25 15 -36 -16 -40 -5 -12 -13 4 26 -6 -17 22 16 -44 4 28
2 -28 12 19 -22 11 -42 40 -39 -7 -39 6 21 2 35 -37 -25 -39 25 -24 36 -8 -18 -13 29 14 -45 37 8
-8 9 32 -12 14 14 34 -29 24 2 -42 -39 -11 44 -43 -19 25 28 -21 3 -25 2 9 -25 -18 36 -35 34 -20
34 9 11 -34 -14 13 28 -26 -27 -39 33 -44 36 -5 4 21 -30 2 -7 -20 -40 -41 31 21 -11 -13 35 -45 11
-40 22 4 -45 36 35 38 -8 40 -43 -15 -27 -38 7 21 -9 2 -16 -39 -40 -2 -33 -12 16 8 -25 30 22 34
22 43 23 28 8 -33 -16 -17 -45 -45 5 11 -16 -25 0 -38 -39 43 -4 -36 -15 31 -42 29 40 -33 38 -12 32
-9 15 -41 -30 3 -27 -42 7 -10 -1 -5 -8 -38 1 -16 0 -7 -31 36 33 9 1 -23 -12 13 4 35 40 39
32 -5 -27 40 -5 9 -16 0 -4 25 -43 -4 0 15 -2 -44 16 -23 -15 19 -17 1 43 -43 -1 -22 35 -7 16
1 43 -18 -37 12 3 -42 -23 -3 11 37 44 -45 42 -12 33 -8 -37 30 23 -13 42 -18 4 -25 11 -14 -3 -30
-5 -28 18 36 29 39 27 19 -13 33 -33 -5 24 -27 10 -7 20 -18 4 9 -32 -38 -30 -41 14 -17 3 16 23
33 -44 -29 6 -39 -43 -6 -27 -37 -29 -43 6 -31 -41 -25 18 -17 8 23 16 -35 0 -17 27 32 -43 -12 -44 14
998

30
-25 -1 10 -8 42 14 4 21 30 43 11 -42 -26 -45 -36 33 33 -33 -22 -24 6 -32 41 -37 -3 -14 -23 -12 1 12
20 -19 34 -14 18 -20 8 34 0 23 41 -15 -30 31 40 -3 -42 -43 1 -25 -5 -21 3 1 -40 -39 3 2 39 11
-9 -30 -26 -27 -23 -16 -31 32 -19 29 -21 44 11 -1 -20 -24 43 -36 -33 44 -17 -25 32 -19 -28 -5 22 -12 -19 12
22 -39 39 34 -13 26 -35 42 8 10 -17 -30 21 17 40 -5 13 -42 -24 28 -38 -7 -11 40 -17 -29 -17 38 -45 26
6 26 6 14 -39 -27 -41 21 -33 -2 -35 -44 1 1 15 -33 -2 -31 -15 21 27 19 -34 -3 4 -16 16 44 6 -29
-3 -28 41 26 -41 2 9 -39 10 22 -9 36 36 22 18 -40 36 32 -21 -29 17 -32 7 -22 44 32 14 -37 -36 22
1 -40 -31 40 -44 38 -40 20 -3 -32 2 -8 4 7 -15 36 27 -11 24 -2 -8 28 20 -10 -1 -17 9 17 27 -29
33 1 41 32 -25 -14 21 40 20 24 -45 -29 -10 -35 13 -21 9 -45 38 -38 -41 -21 -17 10 -16 18 -16 24 -4 17
-17 -13 37 -20 -21 -45 -5 16 -14 44 -31 32 13 44 -2 -24 -7 9 21 -26 19 9 24 19 -33 8 -28 -14 3 2
-44 42 -2 -42 -4 13 -22 -36 31 12 29 37 13 38 37 -28 11 -17 -33 -37 -20 19 -43 -23 43 19 7 -27 -32 15
28 -36 -32 29 42 -28 -12 10 3 29 42 -17 23 -37 -10 26 41 30 26 39 42 33 -27 -6 -23 -19 39 -24 -41 21
-39 -40 40 -30 29 20 24 28 41 20 28 -45 25 -17 -35 41 41 38 31 -29 23 21 -9 -26 17 39 35 18 7 15
-23 -34 5 26 23 37 -12 7 -21 14 -43 -33 34 -39 -34 42 -37 35 -16 -20 -16 -44 -11 32 43 -16 14 21 -3 35
29 -40 -24 -20 -2 16 -6 43 4 -27 8 -11 14 -28 -31 10 32 -15 -37 20 31 -45 -11 -19 -15 -24 22 18 28 -7
-23 11 -36 -12 30 41 36 9 8 -6 2 -35 -15 -35 17 40 -13 -28 18 -12 -3 -16 13 22 -41 29 15 39 39 -23
39 21 -30 -35 40 41 -21 -20 -13 -28 19 -22 21 13 -28 20 14 -22 8 -10 33 4 44 -6 41 38 43 -13 -16 -45
-20 41 14 -14 -1 26 39 -26 -31 21 16 -39 30 0 14 -26 7 44 4 -17 -30 -8 -15 4 -12 -10 21 20 -31 -43
42 36 40 -14 36 22 8 -10 -31 -9 26 -6 -37 31 18 27 19 -2 25 21 -15 44 27 -44 30 33 10 -35 42 -37
-40 -26 -40 -33 24 24 -34 -2 9 37 10 -29 29 -32 1 20 -17 -2 30 5 16 -23 40 -8 16 43 -36 38 1 -43
-34 -2 -8 -40 -14 6 -11 41 -38 39 16 -25 34 33 -34 -31 -31 14 -1 -36 5 -34 -21 -9 -8 27 -22 12 -4 26
15 -28 42 6 25 -33 23 24 27 39 -14 -14 -9 36 34 -5 -13 -38 -19 2 28 -6 -7 -9 -4 44 -27 -45 13 3
-17 22 0 -19 -22 -2 -22 -17 -38 43 -10 -10 31 4 23 -26 20 -12 2 41 -6 -29 -15 38 42 -25 23 5 -36 25
38 22 -35 -22 11 8 31 -36 12 -9 -28 -41 44 -17 -34 -7 7 34 12 -23 -21 30 -2 16 -36 -34 -9 6 -16 -43
20 17 -27 -19 -41 12 -21 8 38 -31 -13 10 20 -34 24 -11 -29 -43 27 3 12 34 37 32 1 -37 -21 -6 -31 -1
-28 -20 25 9 15 0 31 17 -22 -1 -31 44 40 -2 35 13 -36 -13 37 19 39 -11 23 26 -10 30 24 -14 25 40
-12 29 -7 -7 42 -39 30 -35 -5 -22 3 -2 23 -17 -11 13 38 -6 41 33 43 36 2 -5 4 27 1 43 -26 30
20 0 37 -18 -35 -16 6 2 0 28 28 44 37 13 -30 -4 11 -5 -8 22 37 -15 -11 36 42 -3 -18 42 33 -30
5 31 35 10 3 -42 5 -5 -28 -41 -39 -10 39 -32 -40 44 44 34 -21 -37 -29 -40 6 -3 37 -10 -35 -44 -15 13
-43 8 14 -15 -22 41 -37 -19 -36 -33 35 -30 -22 -13 15 1 -9 -24 31 43 -3 -8 17 24 43 -1 -21 -7 17 -32
37 4 -35 4 -44 -3 21 8 35 -37 36 17 24 -33 -27 -45 27 -27 27 -9 43 34 -31 -13 -30 9 35 35 -14 23
1223

31
-31 -6 -36 23 27 -28 42 -10 7 -21 4 -6 -44 -40 -14 -4 18 25 -32 2 -17 -38 33 13 -35 41 39 -30 12 33 39
-17 -29 43 35 19 30 30 -31 -34 -3 -38 -42 -35 0 -36 -18 32 -4 31 0 42 -36 38 13 -39 6 -5 12 31 -23 27
23 19 -16 -24 -23 -42 -31 12 11 32 10 -44 -40 -25 -41 22 -32 -45 13 -38 19 26 -13 41 -26 -23 -16 28 -32 -11 -28
-17 33 14 -16 -17 25 -21 31 -21 17 28 -26 13 -13 -38 32 -7 -43 28 -18 12 -28 -30 -37 41 -13 -12 -43 -45 18 -14
-2 -23 14 -18 -32 -9 35 20 42 33 -32 -11 -10 35 6 18 9 -34 -10 36 26 -15 -39 5 -35 18 5 -13 41 -8 -23
31 6 -15 -15 42 44 -40 39 -4 2 -19 30 -6 -2 28 25 -27 -10 13 23 35 9 26 5 -32 -30 -36 -29 -5 30 2
23 4 11 -19 27 -41 4 8 19 4 -28 39 -12 -1 -1 12 -39 -18 38 -13 42 -17 13 -14 -23 24 25 -28 26 35 33
-1 10 -45 3 -19 28 -28 -45 20 13 26 39 -26 18 15 -7 -39 13 3 -43 34 1 -3 5 -5 35 -21 -41 -43 -21 -13
26 29 15 18 -17 -12 41 -27 28 34 -19 -28 18 -30 -12 -6 13 6 -14 18 3 -22 32 44 42 -32 -6 -38 -10 4 -33
42 -4 -19 -45 -36 3 -45 -13 -41 -36 -5 19 -33 7 -16 23 -10 -39 -4 10 -3 16 5 28 3 41 16 20 -30 38 34
28 -21 22 -16 20 -8 -30 -22 35 13 -26 -18 9 -37 3 20 -9 12 -11 -41 -45 38 38 14 -19 36 -3 -4 -32 32 -21
-28 -35 -25 11 -5 -10 -22 8 -14 -26 28 6 42 -22 -11 41 19 -45 -24 -20 -38 25 34 33 34 -14 -38 -43 29 39 19
-35 -42 -12 -43 -29 -12 -4 -37 -16 -32 -41 -42 29 -28 -13 41 -9 37 39 23 -5 37 7 -29 -9 -24 -13 22 -37 -18 -25
23 -9 0 17 2 8 -24 -28 8 -23 36 36 -34 -42 22 -41 16 2 -11 16 -35 34 -29 -22 -27 -4 -28 10 39 -45 19
44 -44 37 -20 11 -17 -1 29 -12 -31 19 -14 0 3 -45 -5 -32 14 -29 15 -26 19 11 -36 33 -25 -23 -1 -39 -10 10
-22 7 2 37 35 -27 22 -35 21 -29 18 -44 1 -9 3 15 19 -28 -45 -41 41 23 -15 -1 -21 -10 28 -9 -9 -39 44
22 42 4 -4 24 43 11 -35 -24 -10 3 -5 -2 1 18 -36 18 -15 5 3 -18 -40 -14 13 -1 -24 -43 12 -1 -10 -15
19 15 -29 40 -42 41 39 23 17 -38 -39 24 13 -7 -17 31 43 6 -20 -36 -39 31 2 17 16 10 35 41 2 40 43
10 30 -41 29 24 -19 6 14 -33 23 7 32 -5 -25 -19 18 -25 -29 -10 -41 -39 -26 -20 -21 32 -33 -1 -21 -7 -39 43
-25 21 -36 -4 38 8 8 3 4 -8 36 -33 -14 -2 43 -39 -3 -10 37 14 24 -33 35 37 -9 4 25 41 12 27 -19
-24 -39 25 -14 -34 -14 24 -13 -36 12 13 30 12 -31 -38 39 25 34 -40 -44 34 0 -9 -27 -37 31 -29 -40 -12 28 12
35 22 -35 15 -40 5 -34 32 20 18 -43 27 -43 -34 -19 -23 23 -16 10 44 -38 6 25 -8 20 15 6 -22 -21 -31 18
44 -19 44 22 -37 2 -2 -44 -11 14 -43 -15 -17 32 18 -12 -38 26 8 -7 20 23 29 4 -16 41 17 39 -10 44 33
7 5 44 -43 1 -43 -12 -28 20 -21 -18 -25 -15 -40 -24 -4 5 -43 -19 -2 -4 15 21 43 -25 -4 -5 -7 -33 30 4
11 -11 25 -6 24 -16 29 -29 -15 19 9 33 -32 -7 2 -2 -1 -37 -1 -34 37 -37 0 -9 36 28 -44 26 -41 7 39
-40 34 20 16 31 4 10 -4 -33 21 30 41 24 32 27 8 5 18 42 40 -15 12 18 12 2 34 -11 2 40 -18 -43
-34 22 24 3 43 -7 21 16 39 33 11 -14 -10 -39 -33 20 3 -36 -25 -4 -37 -39 12 9 -8 -29 -37 -31 41 -31 -37
0 29 18 19 -27 44 -16 28 -30 28 -44 -42 -39 19 -20 -17 5 -10 -32 31 -8 20 31 39 -41 -35 -30 -35 27 -15 7
20 24 25 -35 1 16 -13 38 21 -26 -19 -40 12 -39 -42 6 35 -33 33 2 23 27 -17 15 25 43 24 14 -38 29 -27
-44 29 -24 -19 -22 -20 8 23 11 -27 -4 -8 12 -35 15 -26 32 -44 4 -21 43 39 28 28 37 -4 -36 -15 3 37 18
30 36 -45 -20 -25 -10 24 24 -20 -19 -12 -24 -17 -18 -10 16 5 -36 24 36 12 3 4 -25 -39 -44 -7 -11 27 -29 -22
982

32
-36 -45 -15 7 30 0 -25 -24 -32 20 23 -25 -35 -29 34 -21 -25 -8 -28 35 25 -6 25 29 15 -30 -34 -4 22 -27 -1 14
13 -3 43 16 10 -36 26 -33 -33 25 27 11 43 37 -8 1 29 32 44 -34 -42 22 -36 14 -26 0 37 14 -11 24 -1 39
-24 -36 6 13 -28 -28 14 -35 11 -40 23 44 12 -31 31 22 23 10 11 34 -27 -13 10 36 -12 -17 -4 -36 -28 -34 22 -13
-19 33 -11 34 -15 24 -17 11 -27 33 -1 43 43 -36 -43 -40 14 -31 36 24 -33 9 20 34 -2 15 -20 33 20 5 38 0
-18 -10 18 23 24 41 -8 43 -19 44 16 -16 32 12 37 -22 -19 -10 -6 -43 -26 43 -26 16 -32 0 -9 15 -1 -6 36 12
40 44 16 7 -9 -22 -19 17 22 37 -3 -32 38 -10 -44 31 22 -43 7 -16 -35 36 -20 -17 -29 -44 10 -22 5 22 -1 32
-37 -42 -11 33 40 -16 31 -43 -36 21 -20 -19 1 -39 23 22 -1 4 37 -3 32 6 2 -42 18 -13 -9 -11 13 -42 -33 44
-8 10 -41 34 -45 -32 35 -7 -30 4 -25 -11 11 43 27 -36 -22 33 24 -44 30 -43 44 2 1 -14 -31 7 37 -4 -11 -39
9 -20 34 36 -43 33 21 -14 13 -2 -19 -17 -15 -33 -8 20 5 -18 -34 24 -22 -34 -31 -10 10 2 -12 14 44 -17 0 18
-31 -31 24 -14 -36 36 -38 -11 -34 -7 -13 -14 21 16 -29 -12 38 -7 -43 10 -15 9 27 -3 -35 -1 -20 -1 0 -38 -14 -15
43 7 -32 -29 -13 -40 10 14 -25 21 13 30 24 28 13 38 -14 44 20 5 -20 35 -12 4 -14 -18 -24 10 10 7 33 -41
-39 -44 -13 -32 3 44 -45 32 27 -13 -10 8 41 41 18 -19 30 -13 -32 0 -14 26 -40 -37 -27 9 29 -40 29 -45 -42 12
32 9 24 23 -5 0 -10 -14 43 32 22 38 -1 25 7 -11 8 39 25 -22 -6 -13 17 -21 41 -21 40 39 -31 39 -42 27
-17 22 20 -13 -28 40 31 -15 41 26 1 -2 -41 -34 8 -8 -44 -6 -3 35 -25 25 -27 0 36 -1 26 -29 4 -4 -28 -41
29 39 9 22 -40 -25 -28 12 -37 -6 -19 13 30 -26 -25 29 15 2 37 19 -3 -33 7 3 4 -25 -5 17 -32 15 25 0
8 -3 14 -36 2 31 -13 25 -23 29 27 25 -1 5 14 17 -21 42 0 -43 3 -3 7 16 -13 -39 -27 30 24 -1 -2 -8
14 25 -41 -12 5 -34 -18 29 -31 -33 -3 12 -15 26 -42 44 6 23 -7 -29 -30 22 42 -34 35 42 21 -5 12 2 -45 22
-14 -11 -35 18 0 -20 -34 -33 15 15 33 -9 -45 39 -14 5 -43 -26 -21 -44 -40 -18 -23 37 28 38 -3 8 -11 31 -29 12
-34 19 -19 40 16 -15 -2 -20 12 -20 0 -1 34 5 -35 40 10 -30 -7 -7 -22 44 16 -42 -33 -27 34 7 28 3 23 29
-2 -25 -21 -20 13 -9 34 17 20 43 -11 24 26 22 -43 -22 27 1 43 -27 -7 23 -11 -33 -43 -23 28 -3 -4 35 -3 -37
2 16 -44 13 -19 30 -19 -27 -19 20 17 -21 10 36 -24 -11 -30 11 25 -19 5 4 -9 20 31 -34 -22 -9 8 -9 -24 30
1 -20 -23 -35 21 -12 41 41 -25 24 37 17 -40 -36 2 -35 -44 -7 -19 29 -36 -30 2 43 -20 -19 27 -31 7 35 10 34
-1 32 23 -16 14 -34 13 26 14 28 -39 26 11 18 14 21 9 -33 -10 -31 -35 -9 20 -15 22 -22 29 -6 6 26 -11 -16
-31 -42 -28 -27 -14 -28 -5 35 25 -1 -31 -19 -36 21 -13 6 11 -39 4 -5 0 -5 24 -37 -34 -8 6 -9 -19 -26 -25 32
-6 21 12 7 1 -4 -11 -8 16 -1 -11 10 -24 -6 -25 -44 35 -23 27 -1 -23 39 28 18 -21 -36 -39 39 10 -41 8 6
-21 -18 31 -13 -36 25 -40 -30 16 -33 23 -45 -39 -31 31 17 -29 5 1 -42 -9 21 10 -1 38 38 -17 -9 -10 -5 26 12
36 28 -14 39 7 33 36 -35 -28 12 27 -36 -30 28 12 -35 -22 -11 22 -40 3 5 -31 2 16 -13 -6 -30 -3 13 25 -24
-14 -34 -36 -23 28 36 -36 -17 13 -10 31 24 38 1 -17 -36 -19 -28 -32 -44 17 20 -36 -15 13 28 -22 -25 -7 21 13 3
31 6 22 -41 18 -11 -18 -14 -21 -6 -9 -33 19 -10 9 -31 -42 -16 33 -21 0 24 4 11 -43 23 9 44 13 34 34 37
22 -18 37 -14 24 -21 -10 37 35 27 21 -23 -17 41 11 -22 -27 -37 -28 -37 32 -11 -43 -38 -43 -34 -43 40 25 -18 17 -10
5 -1 -10 -9 -2 -23 -10 23 38 41 -11 18 -43 -19 -18 -40 -34 -14 26 4 16 25 -41 -13 -21 29 -16 13 -23 -5 -33 7
-36 -14 17 29 6 -26 24 40 18 -7 -30 36 44 -16 -41 20 28 41 28 -7 1 -32 18 24 -5 -43 -34 13 38 22 1 -2
1106

33
-2 14 28 17 10 44 16 -8 17 -4 -20 -29 32 4 4 -42 -14 -23 -25 24 -30 36 -18 -28 -1 8 25 -29 -43 -3 21 36 -8
36 28 23 42 42 11 24 -17 24 -1 42 41 10 40 -20 -19 10 -32 -28 -1 -40 -38 7 -14 10 -27 -44 -26 0 -10 -25 19 -12
24 41 21 25 -40 -12 10 -4 -4 -10 -9 -15 -24 33 13 -1 34 -8 -17 4 -9 -13 28 -24 -9 -13 24 9 4 27 -11 -21 -23
7 31 44 4 0 4 25 6 -42 8 17 -30 -44 -11 -16 -12 19 10 43 36 -30 42 -9 -33 -1 -12 17 9 -44 36 14 -45 -33
-38 13 -43 13 40 -11 32 2 43 -13 24 -35 -39 -10 42 -5 -24 30 -29 -9 -13 -38 10 -6 31 -41 -34 31 -29 5 -33 39 16
-43 39 20 -19 19 23 -24 -35 -11 -29 9 12 -44 -7 43 20 -32 24 -40 -3 9 25 44 -42 8 27 35 -23 -45 -14 -7 -25 30
-6 -42 -4 -24 -32 2 -39 39 -20 43 36 -45 26 29 10 -32 -34 -43 25 -39 -4 -39 -24 40 17 18 36 33 44 -35 -43 23 -12
27 7 -10 2 -2 -45 -23 44 2 -16 27 -38 -43 26 43 -21 -37 33 -16 12 -32 -12 -13 26 0 4 -6 10 -27 40 -31 40 -32
12 43 -24 -25 11 13 -44 3 -38 38 22 -6 32 15 37 38 8 35 -23 18 -35 -26 -7 -26 8 -44 38 6 11 25 7 -31 31
39 -10 27 21 -41 -3 -26 -18 -36 -39 -5 10 -13 13 33 2 16 10 -41 37 -23 -43 -8 5 -43 12 10 19 -5 36 -19 -14 8
7 38 -20 -36 -28 3 -7 -43 -10 -44 -32 43 9 -24 -13 -40 -42 39 -30 2 -24 9 36 43 -23 19 -9 32 -1 31 -28 25 -36
-44 24 20 8 -8 -1 -39 10 35 31 -44 -21 6 -8 -9 -23 14 -9 42 -35 28 -14 43 -44 -18 32 -3 -33 6 2 4 29 -13
34 7 -4 12 -4 11 -5 -36 37 -14 23 34 18 15 -18 -45 9 30 -5 -25 14 -19 15 26 18 -19 5 -44 38 -41 -13 -18 -28
36 17 29 40 9 -27 25 2 -45 36 -45 -26 -34 8 -29 -30 -34 41 17 -37 9 17 8 37 14 38 -31 -39 -7 -30 33 43 -4
17 27 43 -3 -40 -45 11 14 17 14 -11 15 6 7 18 -12 30 27 -38 15 -27 7 -27 -36 37 -20 16 -42 18 -37 30 -42 -44
23 -7 25 -27 18 -39 41 -40 -7 36 -42 -27 -24 -37 -14 -5 17 7 -12 25 -17 -23 -36 8 34 5 24 -17 7 41 9 29 -14
14 27 -32 38 -30 -33 20 -34 9 24 16 -30 35 15 -28 -16 8 -45 1 -4 -23 18 1 -17 -29 -17 -33 -19 12 -3 -3 -18 -26
31 7 -20 -27 2 2 -6 13 14 18 -2 -7 -7 43 34 7 44 44 40 -38 -13 -36 41 -19 29 21 31 44 -7 -2 -34 -19 -11
40 -41 -37 37 -34 -40 -2 -39 28 8 44 -43 35 22 -15 -22 19 13 -2 2 -26 31 21 11 43 -11 25 16 -6 -26 -29 7 -28
-41 -2 38 26 15 32 39 -3 -44 4 1 41 -21 38 44 1 21 19 29 13 24 -31 -37 -18 -3 38 22 -21 26 11 8 -8 -8
30 31 -21 -9 -3 -42 25 3 -40 -27 -19 -25 14 19 -5 26 -30 18 0 -14 38 -7 34 -11 11 -16 21 -35 14 15 -11 41 -36
4 -7 -38 19 -36 -22 15 -41 -36 18 41 27 -39 27 -26 -19 -2 11 38 -38 -40 -2 -8 41 35 25 -32 -18 15 34 -11 29 -15
-34 -36 -20 -13 -39 -40 -6 30 -18 28 19 37 7 4 1 2 28 -29 -42 -5 33 -42 -40 -44 -35 29 -16 -35 -12 -12 -25 -16 -33
-4 40 17 38 39 -9 6 -2 -23 23 14 18 -41 -17 -25 11 24 31 18 -15 -12 -4 -37 -41 -21 -24 -23 21 -17 -4 38 8 -10
25 -35 9 28 9 34 24 -3 42 10 -21 -10 -18 -39 1 -37 -1 8 2 1 43 24 -45 31 13 13 17 -31 29 -31 25 30 -39
-17 -21 -28 11 28 -30 42 38 33 -10 30 29 13 41 -30 20 13 29 33 -10 -38 -9 -44 -35 22 -31 40 -28 10 13 27 29 -7
-16 44 27 -17 -4 15 -8 5 8 -35 -12 -31 -43 -45 17 1 -7 -29 -16 37 -6 43 36 -22 -38 33 13 -25 24 -18 -26 8 -45
-10 -17 42 -12 -9 -29 -31 -5 30 -1 -19 12 41 20 -31 -23 15 -28 -4 -3 37 43 -15 -37 3 -24 8 -43 -28 25 -20 35 25
-32 11 16 20 -33 -44 44 -30 -4 9 -1 9 10 -34 -33 -1 42 -36 -35 23 -35 -37 -9 42 33 29 -30 8 -34 -22 -41 -27 -9
32 27 -37 -3 2 2 -30 -3 -18 -5 -11 31 -2 38 -35 -5 3 -26 16 -31 -34 15 -41 -25 19 31 -17 31 -9 -41 -27 4 -20
-28 22 -17 -41 -44 -6 6 39 -19 27 12 -43 -34 -10 36 -41 -33 8 -42 -12 -42 -21 -28 23 33 23 16 -26 -16 -40 -22 -23 29
5 -20 -30 27 -10 1 24 -36 -25 30 32 -8 -27 7 -4 -9 26 -22 -5 -31 -29 -23 37 5 4 -29 -23 23 -13 10 -25 4 -10
-28 5 -36 20 -23 21 -39 -21 -22 28 -7 -15 -14 14 -30 -25 27 2 26 27 -38 13 -17 -13 9 -23 -26 -22 -44 22 9 10 -18
1237

34
43 -38 -23 -24 -32 -5 0 32 -36 24 -40 -31 -12 0 13 31 -12 -6 36 16 8 5 25 -10 -20 18 3 6 -19 -15 -5 -32 27 29
-9 16 -36 33 38 26 16 -13 -19 12 13 -44 -9 -5 -21 14 -3 44 -43 30 -12 -8 -18 32 40 -5 37 39 5 23 -17 37 -14 4
-37 41 21 0 1 -35 -45 -24 -21 -33 21 -21 -19 -37 -19 12 32 -4 -35 41 -5 43 -11 -23 38 -3 34 21 26 2 -17 21 14 32
-13 -18 37 41 -3 37 30 -34 -32 -31 -35 15 -31 29 12 38 35 32 26 -10 -37 -36 7 -1 7 -42 -24 -22 -5 21 28 -45 10 -7
21 44 19 36 43 -27 -34 -16 30 -26 -33 -23 -17 -40 -37 32 11 -4 40 -21 23 -23 20 -8 -11 -6 16 7 16 -9 -15 -36 -40 20
-37 13 -26 44 33 7 -21 24 -21 -13 -13 -16 19 -30 -31 8 -36 -13 -40 -14 14 -2 -21 -19 1 3 2 4 13 -7 33 -43 -28 8
42 -5 12 11 7 -13 44 44 43 -13 -40 -40 19 0 -8 -38 -19 43 -41 18 -40 9 -11 37 -2 -16 -41 19 -34 30 -2 -15 -33 -34
-27 19 40 -2 24 17 -14 15 0 36 -24 -4 29 -43 -34 5 -34 35 42 -2 3 -13 -40 20 -32 -22 -17 -21 33 -33 33 20 37 8
-19 17 -33 28 -26 -13 -13 -11 -36 -3 16 -43 0 -43 8 6 18 8 -13 14 8 31 13 -25 -15 1 -11 -39 27 -13 -43 0 3 -25
20 -7 -8 -17 15 9 -35 -32 -22 8 -41 -35 22 -20 16 -19 -6 -20 -13 -22 -45 -5 -41 37 -2 18 43 -19 7 21 -6 -30 -1 -20
-19 -31 -32 -10 38 23 3 -5 7 -40 -30 -26 23 -37 -11 0 38 22 -32 -20 -25 -20 -11 0 29 42 11 29 5 1 -32 33 11 -3
43 2 -32 -42 -13 9 19 5 32 43 21 -21 39 34 36 -39 28 17 -43 -26 -41 -44 24 12 6 40 -34 19 34 -39 37 -18 8 -19
-36 32 -14 34 -10 3 5 15 -8 -9 24 5 -43 21 37 -1 17 -5 30 -8 -8 42 22 0 -3 -9 -3 -45 15 26 -40 -7 15 12
24 -41 19 38 -18 -2 13 -11 8 -12 33 -44 38 -10 27 -11 -12 -4 -4 -29 34 -33 -36 30 -8 44 -39 5 44 10 -15 -15 34 -10
41 32 24 23 -32 -13 23 -43 -11 -11 12 -5 -2 -38 -27 -19 -7 9 42 -1 23 12 40 33 1 -17 -8 -37 -10 42 -43 3 -34 2
-7 39 9 9 -17 -36 -8 31 22 19 -27 41 0 43 -13 18 -28 21 -12 -11 12 -17 37 36 -23 30 39 14 12 -9 -14 -36 -16 40
13 -22 16 29 -20 32 -38 36 35 -24 15 4 27 -7 21 17 25 -19 -31 22 35 -36 -44 18 -14 -3 -31 22 -26 -15 -13 -36 12 5
-16 -37 -44 -12 -5 0 -18 20 -7 16 -24 17 -42 1 38 40 11 -40 39 6 -41 4 -23 42 -3 28 17 -16 17 4 33 6 37 -24
-37 12 15 -8 31 14 -5 -31 15 -15 -3 14 -6 13 29 -22 19 -18 -31 -39 0 25 30 -41 35 12 27 43 -42 34 27 15 25 26
-8 -20 -21 -26 -26 -20 -34 34 33 36 0 27 -11 -41 -1 -7 29 6 -9 31 21 -17 27 11 1 -26 31 -3 -34 26 2 27 33 12
-25 3 43 0 -38 33 39 10 37 39 3 -38 -23 23 -2 9 -41 -24 -22 39 -40 -36 -2 13 17 -45 -6 14 23 -38 -11 17 39 21
28 40 -6 -16 -2 2 36 -35 -9 33 -38 -7 41 -37 43 1 21 -19 4 39 7 -34 -40 -15 27 -38 -6 -20 32 29 4 31 -32 1
39 2 -30 19 22 20 -42 40 18 10 5 -21 -42 -15 15 -24 -15 -37 -32 44 -31 17 35 -36 2 -10 -38 10 -23 6 -17 -25 -21 -6
-32 -5 -14 -43 3 28 36 12 -7 -6 24 2 -42 -37 9 11 -1 -4 18 -32 -13 -23 12 -40 -29 -13 12 -8 18 -33 -18 -16 44 9
-28 -26 34 -17 4 -16 -37 2 -21 -5 -16 44 -14 44 -45 10 -39 31 2 -34 -38 36 28 -19 30 -29 -30 -2 38 -20 -33 -6 3 -6
36 -10 22 -29 36 -12 -41 30 43 -29 21 -29 -45 13 -9 -38 -40 -5 27 33 1 -19 -10 8 -3 -12 -31 10 8 43 -17 35 -4 36
-38 10 32 35 40 -31 -39 -24 38 12 4 13 -30 1 -39 31 -25 17 12 15 37 10 44 -31 18 2 -27 -6 -23 44 32 31 20 -37
6 26 -26 -31 0 12 26 -21 -13 23 -42 29 -27 12 3 21 22 11 -23 26 43 -3 11 18 -29 -8 40 12 44 38 25 18 38 -39
40 -20 11 -40 -28 44 33 13 -23 -24 -34 34 -16 6 35 0 -23 -24 8 39 -36 -36 -30 1 43 -38 16 -31 -20 -6 43 -16 35 -34
17 -22 -35 17 -6 -22 37 -15 -26 -10 6 -18 -38 -11 21 -1 16 3 -35 43 42 31 -35 -36 -38 -36 -18 19 -12 28 -23 26 43 -27
33 12 -11 5 27 -15 -43 23 34 24 39 15 -45 -18 -8 25 23 -6 -26 37 -31 31 -32 -45 9 -16 40 -28 42 -9 -33 24 -17 34
1 -36 -36 -34 21 24 41 -27 41 -15 -31 -9 -36 -45 -18 7 -41 28 7 -39 -41 -43 -2 -11 40 -3 -10 30 25 -2 12 -30 -13 -35
26 -18 16 12 17 -6 40 40 35 27 31 -28 -25 39 34 -10 -14 -17 -28 -23 30 -1 10 20 -30 -21 -11 -34 -8 -3 17 44 -41 43
-26 44 35 -8 -35 -33 -35 -37 -34 16 2 22 -24 -5 40 -10 -34 -16 42 -35 -20 -18 16 40 -4 -7 -40 29 3 -8 -35 31 -32 -24
1450

35
-20 20 -41 -42 -43 17 4 15 25 37 -34 33 38 -26 29 3 25 -42 -20 14 11 25 -13 -35 11 43 2 44 -32 19 22 -39 13 0 -45
30 4 18 -41 42 22 -40 -28 -30 22 -21 34 -17 -32 9 -45 34 -32 14 -26 0 -13 39 -8 -42 -30 4 1 -40 -30 -41 -26 -7 -26 44
44 -38 43 -17 37 6 7 -28 -12 -14 -36 -27 31 3 18 32 38 44 -20 -1 -3 10 -20 -44 26 -28 4 -33 44 17 -41 -5 -37 -32 10
38 35 29 22 13 37 -30 5 -40 39 41 18 42 -14 -18 -34 -25 -33 19 2 -12 26 42 1 19 -43 -5 -28 15 -18 13 -36 18 37 25
42 -37 -23 12 6 -18 -41 -26 -38 30 -1 6 25 16 6 28 -17 -11 10 -23 -33 38 -17 -43 10 -3 42 35 22 -19 31 44 -41 6 -15
-43 43 -1 -33 -25 -16 6 35 15 -26 -5 14 0 -36 -2 -15 20 -38 15 12 -42 25 -26 -43 -36 -16 -31 -3 25 43 0 2 -27 -15 4
30 28 -23 -10 37 5 -42 12 28 -31 27 -4 26 -21 40 -34 37 -12 38 -18 -23 23 -3 -42 35 -30 -36 -36 16 19 38 -4 -30 4 12
1 -2 16 22 -38 -45 -33 -10 32 -19 33 -13 -28 30 32 7 -32 -21 -42 -18 -38 -14 -26 0 22 -4 38 40 -36 -24 -14 -19 -24 11 -6
12 -25 10 31 -19 -36 -13 10 21 -44 27 36 -21 29 -34 25 -29 -34 -23 5 -30 -21 -30 -45 10 -39 -29 -19 11 39 6 -34 6 -10 -25
-14 2 -7 21 -28 19 20 -3 -2 40 4 14 -34 42 -5 -30 -31 43 -40 -22 -12 -41 10 -25 -25 37 -39 44 26 -5 15 -15 33 8 25
-22 23 -10 -41 31 -6 26 17 -41 -39 -9 -40 -17 -30 24 -9 -33 1 -34 31 -19 36 -28 1 -20 12 21 16 -42 -21 -26 26 2 -28 -28
-8 24 38 -27 29 7 -13 5 -31 28 32 23 28 -43 -42 3 28 22 22 -2 -14 5 33 24 -26 17 -35 13 25 32 10 2 -34 42 -14
11 -26 -18 -18 -21 38 -15 -43 17 -8 34 37 13 -45 21 -10 -42 25 19 31 31 35 -32 44 -34 -4 19 25 -19 -28 -15 11 31 15 -9
-17 1 -6 -2 4 -45 2 -29 -13 -15 25 -4 12 -41 -3 6 21 -9 -34 -1 21 -40 -17 -30 27 -26 5 21 -1 -38 -23 -39 43 9 -8
34 9 -18 -31 30 -17 19 26 14 -14 -45 -39 21 29 10 8 -25 19 -30 15 -22 -28 -22 15 -15 -5 26 17 -21 -38 18 -2 -42 11 8
42 -6 -23 -20 -30 -44 -22 14 29 26 -33 28 36 33 -1 -43 -13 27 39 -32 16 -15 11 29 -10 2 -43 1 6 12 2 -42 -36 -24 13
-32 42 -7 44 13 44 2 -6 33 -27 11 35 28 25 -40 -14 15 -37 -3 36 12 28 -8 35 13 44 21 -37 -28 -21 -37 19 15 -25 -15
-41 38 27 -20 -32 -32 36 22 11 24 12 -27 21 1 -19 31 40 12 -16 -44 -15 5 3 -14 14 -22 -6 -23 9 -36 37 -26 8 -6 -45
-7 33 27 -17 22 21 -40 26 -34 -44 25 -45 7 35 -7 -32 -39 -15 -26 -45 -1 -11 -4 11 35 19 14 -32 1 31 -8 10 -18 0 32
42 -33 -17 7 -21 -21 23 -8 -16 33 -22 32 -14 -30 41 30 34 -12 -7 1 -42 -8 -29 -7 -42 -39 37 -21 -21 9 -31 17 -39 -42 -5
-44 23 23 39 21 20 42 -34 23 12 31 -17 42 5 -44 3 -24 33 43 29 5 40 35 3 -27 -14 -2 -32 20 18 5 25 -17 20 39
-39 -35 -6 17 26 -39 -20 -8 25 -29 23 40 19 -23 -40 37 28 -37 -27 34 -40 33 -26 21 -11 -24 29 -10 -41 -38 -40 44 -23 10 39
-8 27 -29 -28 22 -20 3 -35 -14 -6 -9 24 35 14 25 22 17 -36 30 34 -27 36 18 -18 4 -23 34 -12 18 -35 23 18 -37 -18 13
-35 11 35 -4 9 2 23 32 -19 43 -3 38 21 -22 -15 -12 35 -9 20 21 1 -37 34 13 0 -10 -31 -9 -24 15 18 15 7 -44 14
-35 26 12 -25 -13 -5 -42 -9 -16 -39 -16 -32 -36 -12 22 33 -19 -13 6 -34 -43 22 -23 41 -26 -13 -14 11 11 -20 26 -15 19 8 -26
7 -22 -29 -12 -20 -2 17 4 6 -30 -23 -40 -42 -2 27 -9 -18 -44 34 12 -13 3 16 -44 -45 -36 -9 25 -41 -21 43 -7 0 -32 -30
9 -35 44 -20 13 -15 -28 16 25 41 -19 -18 -33 29 33 -1 -16 29 41 31 -42 6 -31 -13 -29 -39 37 0 -19 -28 28 4 35 -17 -28
-19 -18 20 -25 -18 -31 32 35 -41 18 26 -22 40 -29 25 14 9 4 -19 -34 -42 40 11 -36 7 -8 17 -10 8 -32 21 -8 28 11 6
-29 8 8 13 17 -29 15 -36 14 -10 27 41 -16 0 2 -27 -45 8 -28 -31 -14 16 11 13 34 -3 -4 -18 35 41 -11 -6 -16 9 9
-40 -45 36 9 40 -13 30 42 19 24 -4 -13 34 -40 39 21 28 11 -3 -25 0 42 40 23 -26 19 -12 -26 17 -44 -13 11 20 36 -3
-27 -37 44 -24 26 0 18 37 34 -7 -36 7 -23 40 -26 5 28 31 -12 -37 -37 -40 -32 -10 -25 44 11 -20 17 -8 29 12 43 7 21
13 29 -11 15 20 27 -40 -40 -15 -36 -34 -35 -22 -3 -5 4 25 -14 27 -11 -32 40 9 -44 27 34 -7 -26 -3 8 -3 9 14 -26 6
20 -7 -30 13 -19 -42 44 27 -20 -37 33 -12 27 -23 32 -41 -19 -30 -27 7 17 -25 -12 33 31 -12 30 8 21 12 2 -4 -42 35 19
-34 9 17 0 -15 -31 -33 -17 37 38 0 11 41 9 3 -30 -6 -5 12 34 0 -41 -18 27 38 -28 -10 -40 12 6 -8 -16 36 2 21
-6 9 14 32 -7 4 36 -4 39 -15 22 33 44 -27 -3 -37 -45 -9 -44 -26 -39 -18 34 7 -32 23 -39 15 -15 1 -30 19 -6 33 -36
1262

