3
13 43 17
19 10 15
11 30 41
137

4
34 19 9 2
39 21 18 4
37 41 13 12
17 30 10 20
211

5
2 21 25 17 26
14 6 16 9 3
35 1 2 17 39
13 19 28 22 6
26 36 41 44 38
249

6
17 30 41 26 43 16
28 8 2 44 13 13
29 31 16 42 3 11
2 43 14 3 26 22
40 32 25 19 1 31
14 42 9 40 20 15
306

7
5 15 42 32 39 44 33
16 24 26 32 20 6 33
30 43 10 8 28 26 31
40 40 43 36 35 37 35
16 1 12 11 23 27 14
31 11 26 44 29 33 39
36 38 37 28 35 2 33
417

8
20 26 19 36 15 40 9 20
6 10 11 26 32 11 11 27
40 17 39 17 36 11 38 38
28 32 4 21 19 6 26 27
43 16 7 27 13 16 26 10
42 31 29 23 19 5 6 32
3 26 20 25 35 3 36 10
32 25 8 27 36 32 1 1
392

9
23 19 14 14 39 35 42 11 25
22 36 35 41 17 12 40 6 16
30 43 28 21 12 35 23 5 39
25 2 34 28 32 33 3 1 11
10 22 31 5 40 28 35 8 5
33 3 33 41 38 20 33 22 12
37 2 7 24 36 35 40 17 10
36 38 5 2 38 17 2 31 29
29 26 3 1 31 5 30 35 2
525

10
38 28 29 19 34 8 40 16 16 23
16 19 35 35 28 9 18 13 27 5
4 34 3 26 31 12 36 42 44 4
22 2 2 4 1 39 4 7 35 13
1 43 35 19 36 32 34 22 23 28
1 1 20 31 29 4 26 4 33 23
16 42 17 13 2 15 18 32 35 33
5 11 23 15 5 5 44 29 34 44
23 15 20 17 3 21 27 15 20 41
14 44 19 12 41 3 27 23 18 22
625

11
38 26 9 27 35 34 30 29 2 15 35
36 37 35 23 21 30 15 40 38 31 15
27 8 10 33 21 9 35 8 20 38 17
39 8 28 39 27 13 33 20 39 32 18
5 12 43 25 13 8 21 32 40 17 32
23 43 1 17 2 13 21 38 39 40 41
20 42 28 39 27 3 3 8 19 37 28
10 4 42 35 41 40 28 31 32 43 44
8 29 29 39 10 11 21 43 1 37 22
8 37 2 42 18 26 18 30 33 43 39
39 34 41 20 12 16 25 10 8 9 43
735

12
39 25 23 24 16 33 19 6 32 29 7 11
22 7 20 10 43 18 8 28 4 13 12 35
31 30 10 13 20 21 39 2 34 4 35 5
7 39 9 1 44 14 5 32 26 18 23 16
39 33 38 22 26 20 34 26 14 33 37 30
24 7 30 12 35 5 21 18 16 15 3 4
9 8 28 35 8 24 9 13 8 38 18 32
28 17 21 14 15 9 36 18 2 24 22 38
28 38 42 21 41 5 44 24 30 34 13 18
36 43 19 35 25 24 22 30 33 43 29 18
29 7 4 8 24 29 3 30 30 34 8 14
26 32 17 4 39 39 2 38 5 3 23 17
677

13
19 26 40 32 40 25 42 33 30 29 43 21 20
2 36 35 29 2 17 2 26 2 43 26 21 25
14 42 24 42 20 24 30 44 24 2 32 2 5
22 26 29 37 20 10 19 17 10 27 4 6 14
37 1 30 17 28 14 12 16 12 44 10 33 10
20 35 20 23 35 3 28 41 39 20 41 9 23
17 2 8 5 16 21 37 6 32 30 15 7 18
18 35 34 11 27 20 5 11 35 28 42 31 37
1 22 18 42 25 33 8 5 42 10 8 7 28
34 40 5 32 6 5 17 17 30 38 8 29 38
22 5 13 27 19 10 18 24 20 15 33 35 6
26 43 14 21 26 27 5 43 30 10 7 3 23
38 15 20 16 29 10 13 31 12 4 37 16 36
776

14
7 25 11 30 3 24 31 18 41 1 22 19 20 42
30 32 12 32 4 19 25 38 4 22 30 36 3 24
12 23 21 36 24 38 38 27 26 44 12 22 5 14
9 37 24 30 18 37 1 23 31 16 36 30 40 14
22 33 44 12 21 7 6 18 24 31 40 27 5 4
6 13 20 26 15 12 29 11 43 1 18 11 23 33
37 6 44 38 42 25 6 38 1 1 2 42 9 35
14 37 35 36 33 42 18 19 40 10 15 29 29 12
34 43 38 11 29 17 26 18 31 2 29 24 42 13
13 20 25 18 3 38 41 6 11 27 22 26 16 18
10 34 23 14 41 39 4 2 7 36 14 36 10 40
7 33 7 9 44 5 7 21 30 42 26 35 15 28
33 11 33 3 2 8 9 41 23 15 28 4 9 12
13 33 5 12 29 2 44 22 21 14 26 11 12 34
799

15
3 1 26 5 4 18 39 19 21 9 32 19 21 41 9
34 35 42 11 4 24 25 42 18 14 24 11 19 9 43
18 19 8 25 36 2 39 20 17 6 9 33 18 24 18
8 42 12 28 30 10 1 23 21 40 22 4 9 36 25
7 20 10 23 36 14 12 41 5 8 39 16 26 6 40
36 8 18 44 6 26 43 36 24 33 17 41 32 29 15
42 31 29 37 43 33 23 39 33 5 41 2 7 20 36
39 20 17 26 5 14 30 10 30 43 9 29 31 35 19
17 25 12 35 10 9 31 34 7 7 13 13 30 39 10
24 36 16 33 39 42 24 6 24 1 13 21 44 38 35
4 37 5 15 32 17 34 17 10 28 8 30 11 19 37
2 1 15 21 19 17 14 43 40 21 38 19 33 35 42
32 32 40 17 4 21 8 15 7 37 35 20 7 5 32
12 14 32 32 44 12 6 23 19 18 35 38 10 38 39
43 2 27 12 40 20 35 39 15 17 38 30 8 28 29
921

16
19 13 14 30 32 44 23 24 36 35 7 20 23 20 12 36
2 10 42 16 32 23 5 41 20 41 12 40 27 10 22 3
5 34 34 44 31 24 44 8 7 15 40 32 2 4 26 14
40 13 35 20 31 27 30 41 8 17 10 35 32 27 42 26
13 4 15 33 30 12 5 23 11 35 10 18 28 18 39 16
16 43 44 14 20 3 17 23 5 38 37 15 14 9 20 24
17 14 19 42 34 37 28 29 9 12 9 41 18 12 14 34
22 39 20 33 27 28 7 11 32 37 28 37 19 35 10 3
15 30 1 15 44 42 27 23 16 16 6 8 38 20 5 37
24 4 37 20 33 32 42 34 7 9 11 42 9 35 10 19
3 7 27 33 12 44 34 25 12 42 18 11 22 43 17 13
32 35 13 16 42 35 14 28 32 12 8 36 31 30 14 26
6 32 6 32 38 17 26 25 14 12 8 36 15 31 12 9
36 43 10 19 22 39 21 13 37 44 1 1 37 43 38 27
28 36 5 35 38 29 20 16 10 33 2 30 27 23 13 2
44 43 44 33 20 40 4 12 11 37 39 38 16 26 33 16
953

17
15 19 18 30 2 1 1 7 42 7 36 3 11 31 35 33 43
35 28 28 40 2 24 19 31 43 14 41 21 25 36 7 23 44
1 22 30 7 23 43 34 25 3 33 38 11 15 44 36 37 23
22 31 20 41 13 39 44 44 4 31 5 31 18 15 30 24 12
30 14 3 37 12 29 39 15 43 36 25 20 29 15 6 29 3
15 20 4 3 32 28 31 7 20 12 29 39 30 18 8 31 4
14 23 34 30 10 2 25 27 14 3 19 24 19 17 43 2 15
44 11 20 9 43 30 16 30 37 18 10 21 14 18 18 33 26
2 28 40 17 5 19 24 21 18 25 13 27 1 40 30 38 16
19 42 11 39 16 37 18 1 18 29 15 6 1 30 1 36 38
16 16 7 42 40 36 41 33 25 6 4 4 36 23 24 28 43
44 20 22 31 30 35 23 17 32 35 9 15 18 40 13 36 7
24 15 31 18 24 6 15 7 35 32 15 41 26 7 36 23 3
30 25 14 8 30 26 29 26 8 2 33 18 8 10 36 12 30
43 10 41 25 21 15 8 24 40 4 8 20 7 29 18 37 15
11 32 22 44 39 33 3 37 16 4 27 34 27 22 24 29 41
8 26 27 22 9 11 7 28 34 22 21 6 1 18 15 26 37
1010

18
32 34 20 36 44 19 15 14 1 29 35 9 31 8 31 32 42 16
12 32 13 7 7 35 31 34 37 33 40 44 34 25 12 41 34 12
21 3 16 9 8 12 2 26 26 21 23 25 9 42 42 10 21 6
25 26 28 29 6 11 27 26 18 2 40 10 41 34 18 20 12 40
44 3 25 2 6 25 10 10 12 13 25 43 2 24 5 6 17 9
29 36 42 6 26 26 39 44 31 16 24 34 7 34 31 3 10 18
26 23 21 3 20 40 43 15 1 19 44 16 5 35 17 9 35 20
43 39 21 43 8 6 38 38 31 23 6 35 13 44 14 32 25 38
33 26 16 2 7 12 25 20 1 16 12 33 17 42 43 11 4 16
41 27 16 15 9 27 9 21 10 11 7 44 2 18 11 23 21 10
4 41 32 10 18 32 5 23 27 42 6 8 37 3 40 43 35 42
22 18 17 34 37 31 3 15 13 1 14 38 23 38 22 33 7 8
29 32 10 29 11 31 1 12 16 2 18 5 4 4 28 13 2 3
38 15 4 2 7 3 20 4 10 33 20 12 30 4 40 33 14 4
33 38 8 31 34 26 15 1 42 9 42 10 10 10 37 19 40 36
4 28 25 7 10 7 21 12 37 4 16 15 9 16 35 25 25 8
40 7 26 23 31 6 6 11 7 44 24 11 20 11 8 5 29 31
23 27 29 2 10 22 34 11 30 28 1 27 20 30 29 30 24 33
1152

19
7 6 38 4 15 23 32 23 37 17 42 1 42 19 34 38 26 41 17
29 22 23 41 22 22 28 44 16 13 20 33 33 19 20 24 8 5 33
2 26 25 42 15 13 9 34 41 40 44 24 32 23 34 15 34 29 9
17 27 32 23 16 10 17 28 10 26 23 40 26 34 38 40 36 4 24
8 28 13 32 32 5 16 34 33 11 43 4 31 40 43 32 6 15 3
9 33 43 30 43 8 18 1 19 35 39 28 43 12 11 22 26 4 39
44 19 1 21 29 18 11 23 37 44 27 3 32 26 33 40 36 9 43
15 25 14 4 41 43 38 27 1 37 21 18 18 28 11 15 28 8 13
14 13 32 30 26 1 36 33 7 3 10 16 19 13 27 34 15 30 15
5 22 35 35 10 30 17 26 9 19 21 11 5 32 24 40 30 27 40
32 4 5 10 32 25 35 21 2 6 35 39 41 30 14 4 35 23 22
22 44 10 19 27 15 30 37 6 29 40 17 41 8 20 42 12 44 12
4 11 20 10 15 21 19 25 25 26 36 28 33 17 9 5 40 23 30
22 40 2 33 30 36 6 34 38 31 22 32 2 5 23 20 12 3 34
39 43 9 34 6 12 14 2 8 44 33 3 24 20 26 22 17 3 23
34 18 10 32 25 38 4 38 34 23 11 42 41 2 7 28 32 14 7
40 21 16 35 43 34 5 29 42 12 20 27 7 18 34 14 16 30 11
29 41 3 18 25 23 41 3 36 2 18 37 39 9 10 7 2 18 28
12 43 20 10 6 26 14 40 5 25 8 32 35 42 21 30 11 38 4
1142

20
12 28 36 7 17 37 5 15 39 29 6 33 1 22 11 32 7 44 19 25
36 41 2 6 38 18 19 3 38 30 15 24 10 44 28 18 16 14 28 10
30 17 30 36 14 3 44 34 11 6 12 2 12 40 15 16 26 31 13 43
19 2 22 9 14 26 23 1 39 37 16 38 17 9 39 19 11 11 37 36
19 29 37 32 19 13 13 15 30 12 37 30 1 29 36 29 40 22 22 32
24 43 40 18 34 18 30 3 1 41 5 16 38 22 25 34 9 34 35 2
14 9 16 27 1 31 37 32 18 11 23 34 34 6 12 20 34 19 43 1
27 10 14 34 7 22 37 23 5 2 20 7 31 20 18 16 28 13 18 4
26 43 30 35 18 16 26 32 11 5 1 35 35 34 19 5 39 27 20 23
39 14 27 17 35 17 3 14 32 40 37 21 2 40 20 29 25 24 17 36
40 5 13 1 1 30 16 42 2 14 22 2 38 39 10 12 17 13 44 1
13 13 1 15 12 25 33 40 15 35 25 16 11 29 28 34 2 26 16 6
1 6 13 18 19 36 28 7 31 9 13 12 24 16 23 28 4 43 34 21
41 21 27 11 34 6 36 9 12 20 10 35 42 38 1 7 44 27 40 21
41 27 10 6 23 13 37 40 6 1 30 3 36 39 10 24 24 2 29 13
1 19 40 11 43 22 14 30 15 16 28 22 3 14 25 15 12 21 33 21
14 41 3 11 34 8 43 4 29 21 28 42 43 27 21 22 31 43 8 2
44 7 25 34 18 9 1 23 15 40 13 3 14 8 44 5 16 30 22 36
23 11 1 38 33 30 23 20 38 3 28 13 14 31 22 8 16 14 38 25
7 21 33 34 9 26 28 35 28 16 6 2 21 16 23 34 6 32 2 32
1150

21
38 16 12 44 17 19 42 27 41 34 21 7 3 29 38 36 37 23 44 12 37
29 29 3 36 18 36 40 33 13 24 15 2 8 36 39 8 11 31 38 14 43
42 1 32 18 13 36 25 4 17 4 13 28 22 10 32 9 8 43 28 3 38
29 11 7 6 39 38 43 28 26 37 6 43 39 32 28 16 19 6 1 16 30
41 20 2 18 31 27 8 43 4 32 11 11 6 14 34 26 13 19 43 26 20
36 12 7 30 28 23 4 38 34 38 27 32 8 32 35 5 32 8 11 36 30
23 5 40 33 34 18 39 34 6 31 3 34 10 5 9 40 33 3 5 4 6
14 39 28 24 42 26 44 22 25 11 32 34 35 13 8 12 42 39 5 10 5
28 7 25 42 43 28 26 9 44 6 7 32 24 9 10 12 9 36 37 39 13
25 21 15 1 20 37 2 29 35 9 44 39 2 31 32 3 26 44 43 18 13
26 6 26 3 11 5 42 44 33 3 13 15 36 3 31 11 42 23 36 25 25
9 41 8 37 23 23 23 9 28 37 38 21 44 44 15 34 43 9 32 4 30
3 7 31 24 10 28 2 37 29 21 8 38 32 18 10 18 10 32 26 20 35
6 10 19 38 37 4 16 21 44 15 4 21 40 6 34 21 14 14 39 21 17
44 17 31 28 12 26 6 16 33 21 6 29 39 42 42 13 30 18 25 30 16
29 6 5 17 37 12 20 42 40 19 32 43 19 7 37 32 11 25 22 11 6
11 38 42 36 1 9 37 8 28 41 15 36 1 15 12 27 12 20 15 31 19
37 3 19 31 21 36 5 25 20 37 3 20 11 19 13 7 25 36 4 27 34
13 22 17 8 18 36 26 6 43 5 8 24 31 18 36 23 6 25 17 33 28
8 4 12 16 34 40 43 20 31 28 12 4 29 25 26 3 24 3 44 24 20
21 33 40 40 24 1 21 29 20 12 31 39 7 5 18 5 36 29 41 27 30
1340

22
17 27 33 22 19 25 41 29 4 3 14 21 34 21 16 24 10 34 30 18 31 11
17 24 15 27 23 24 32 24 41 14 37 12 7 36 9 42 42 20 42 14 41 14
11 44 16 38 28 19 17 31 33 36 34 6 10 10 7 37 2 18 42 24 6 44
29 23 15 24 15 12 36 11 20 18 14 4 13 16 12 30 41 13 8 10 25 1
23 1 27 44 35 5 18 25 17 17 8 12 16 37 23 4 5 5 39 23 17 16
36 7 42 36 26 16 22 30 17 40 20 28 44 15 42 16 22 32 37 39 2 42
40 1 44 19 8 37 8 3 16 3 29 7 9 20 2 43 23 2 4 32 44 12
37 33 38 8 6 34 28 7 30 22 15 39 11 41 37 8 9 29 22 15 25 17
44 37 7 22 14 23 10 35 36 14 42 29 9 12 25 44 31 19 20 9 17 7
37 14 9 6 7 15 38 19 10 30 32 20 33 1 2 29 20 5 42 39 31 1
42 27 32 25 28 9 42 3 40 16 44 38 1 37 13 8 17 39 42 18 4 12
41 34 23 24 43 3 43 15 12 22 20 36 17 27 19 26 32 29 21 8 35 16
20 40 1 9 16 13 32 4 42 14 41 30 30 43 3 4 10 39 5 25 5 23
18 10 21 31 34 36 7 13 41 41 21 26 14 28 24 35 32 31 27 9 25 7
39 31 41 21 24 29 19 26 4 11 12 42 23 35 32 29 23 41 41 29 17 1
9 5 29 19 24 20 8 18 42 41 42 11 16 34 35 14 13 22 38 15 38 11
15 17 6 33 3 4 8 31 12 40 35 39 22 36 36 5 6 44 19 30 13 15
44 12 20 43 39 10 29 19 35 3 7 43 35 12 14 35 18 5 11 12 29 2
21 21 13 43 22 8 17 39 40 9 42 44 17 38 14 5 10 42 2 37 6 32
32 24 1 24 35 15 27 15 20 2 31 43 35 43 30 40 32 21 3 41 7 43
1 36 40 21 22 13 40 13 10 36 41 33 34 34 42 42 18 3 13 26 33 41
14 18 3 15 19 14 10 25 35 9 26 34 23 10 29 15 38 14 20 7 36 39
1389

23
36 28 41 29 9 7 5 41 41 24 4 32 20 37 4 27 16 12 9 34 40 34 42
6 6 26 20 17 18 44 34 25 37 19 1 41 14 6 19 20 22 7 21 26 11 36
43 41 23 40 36 20 27 37 40 2 31 36 23 27 31 33 24 41 35 24 40 1 36
8 13 11 37 33 13 34 13 17 39 15 28 24 38 22 9 14 42 1 24 44 10 23
27 37 33 34 28 25 35 31 40 43 5 15 28 26 27 39 24 6 33 15 41 8 43
8 40 2 33 22 27 40 21 37 42 34 28 1 44 24 7 33 26 9 19 30 19 23
39 27 32 4 21 18 11 40 27 19 38 26 39 26 36 14 5 1 22 13 18 38 43
26 39 1 44 44 33 33 34 14 33 17 8 7 34 24 20 3 26 3 8 9 8 18
30 26 42 13 4 19 9 7 6 1 29 6 9 20 19 11 8 39 30 25 38 22 18
30 24 26 26 19 31 16 31 34 19 22 16 18 3 20 29 15 5 27 12 8 22 29
15 44 28 15 39 13 23 27 25 8 8 13 33 22 37 34 21 35 14 39 31 32 5
1 9 32 10 15 20 11 11 10 8 39 11 26 35 16 21 18 12 37 41 8 10 35
31 8 23 16 6 22 38 28 43 28 40 27 7 7 4 8 7 14 42 42 6 39 11
12 43 5 14 41 28 39 35 41 36 19 1 3 37 4 5 34 17 24 41 27 31 8
10 14 15 4 30 27 10 12 29 37 41 12 18 2 8 42 44 4 38 43 36 32 6
2 15 3 10 9 26 26 42 28 25 35 40 44 26 25 9 9 31 24 34 9 6 26
31 4 26 19 25 37 34 32 17 22 9 13 33 27 18 2 31 4 40 13 31 27 7
8 16 20 40 29 12 13 43 42 40 34 17 6 28 8 1 5 38 37 19 18 36 14
36 27 35 30 38 31 13 37 40 4 42 18 4 6 42 5 21 4 24 11 18 44 11
12 19 23 3 35 19 38 9 33 17 3 28 14 38 27 20 12 29 3 38 13 8 10
5 40 8 33 17 15 39 25 40 36 17 23 12 15 28 22 19 2 40 10 1 1 22
29 12 38 29 12 26 15 6 42 4 9 19 7 28 30 21 38 39 37 7 36 42 15
15 6 29 8 29 37 18 43 9 4 19 24 22 23 31 27 43 26 31 19 20 3 40
1413

24
25 25 12 2 7 43 37 24 38 29 34 44 42 38 44 30 18 25 13 40 18 21 17 25
1 40 27 10 16 24 12 34 39 5 13 21 20 5 5 16 17 44 41 14 38 29 16 26
28 37 36 2 31 24 37 4 8 32 2 12 16 27 9 15 17 1 5 37 26 24 11 13
20 42 24 18 25 3 31 16 24 2 27 23 33 11 4 16 12 10 13 32 4 38 44 34
36 27 42 38 25 24 44 5 27 23 26 34 44 19 23 5 1 30 32 15 1 31 26 6
41 33 25 17 11 23 10 27 42 34 27 43 6 38 36 1 2 22 40 10 30 15 16 37
31 8 32 19 6 30 33 5 1 36 41 36 43 28 38 4 14 44 36 11 37 25 43 8
38 32 14 23 35 17 21 27 17 33 31 3 36 36 21 13 1 23 42 15 41 1 2 19
28 36 41 30 23 6 1 7 9 24 25 19 17 11 15 29 16 14 19 11 42 36 13 23
23 24 10 15 27 29 11 38 30 39 39 43 21 35 5 12 32 25 38 12 11 3 41 35
9 14 44 28 26 36 21 37 24 18 7 44 41 31 24 25 14 31 33 22 16 16 8 25
10 8 24 18 42 1 12 21 28 19 6 13 30 28 13 39 19 2 20 3 28 5 15 1
1 14 43 25 15 20 20 37 7 19 18 18 13 4 40 23 6 31 17 22 25 11 39 30
19 38 4 14 40 6 41 5 37 23 17 28 2 32 7 8 44 14 7 11 10 39 27 15
6 41 41 42 33 38 21 34 19 13 6 21 17 7 42 1 22 14 25 35 32 13 21 19
24 9 23 12 5 29 21 24 11 33 8 43 9 44 16 44 2 27 9 34 26 31 36 38
16 6 33 40 14 37 27 38 21 23 18 25 15 9 30 35 37 27 10 28 43 43 36 23
42 25 33 5 5 32 37 38 17 30 40 43 40 25 10 19 6 14 23 30 26 36 30 37
42 18 41 44 21 9 39 17 15 11 43 33 5 23 34 33 31 25 8 30 14 31 40 12
17 36 22 29 21 6 42 6 40 40 7 31 36 37 18 9 36 24 29 30 27 21 14 28
25 34 44 1 29 1 24 12 23 29 27 29 31 10 41 9 14 37 38 9 17 3 42 38
8 44 39 35 3 11 30 40 23 39 5 31 7 41 22 40 17 40 9 7 11 34 22 26
27 21 17 34 28 6 11 22 36 6 38 29 6 34 10 12 43 31 7 37 6 10 2 17
16 42 37 22 39 36 28 19 23 13 8 26 39 40 13 17 28 27 40 1 3 37 34 27
1497

25
20 22 25 11 24 27 36 3 15 5 41 42 33 4 17 30 5 27 22 42 12 35 11 16 38
29 10 40 14 5 23 31 21 5 19 37 6 2 4 11 4 33 21 35 22 37 20 29 27 44
39 4 40 31 31 30 12 10 18 40 18 40 33 11 26 10 21 29 30 24 25 3 24 12 38
23 14 20 38 2 9 26 14 15 10 20 36 35 19 34 26 41 29 9 37 9 44 10 10 13
16 36 44 3 20 36 25 29 37 8 16 36 16 16 31 37 27 19 1 7 19 31 11 40 43
29 18 16 20 30 24 5 11 25 30 18 27 11 39 18 39 7 43 12 18 34 25 14 22 44
27 26 9 4 39 30 26 4 5 35 19 10 10 7 28 11 25 36 31 14 11 16 24 27 12
12 33 44 22 9 4 5 38 20 4 43 40 8 30 44 37 23 7 5 44 30 42 36 28 8
10 34 27 9 33 11 2 26 36 28 42 26 26 40 31 15 16 34 4 30 16 18 6 31 21
32 10 20 28 27 14 42 16 15 44 15 22 30 32 37 41 14 16 3 3 11 42 11 18 29
14 9 32 42 36 36 28 40 32 1 2 27 43 9 14 44 10 11 41 17 37 31 3 11 34
2 2 3 29 11 35 43 3 43 14 6 10 19 24 9 31 27 43 31 36 15 16 8 33 3
1 31 15 2 37 28 7 22 9 34 34 26 12 22 11 4 24 44 40 9 35 36 32 32 30
11 33 16 20 19 31 39 14 26 10 4 28 2 7 31 43 33 10 34 19 6 15 21 21 33
35 16 12 25 13 9 44 27 16 27 40 35 2 34 4 39 12 30 12 7 20 23 38 10 10
3 26 43 14 24 40 12 40 31 28 16 28 34 14 1 4 1 30 24 35 9 31 20 31 25
39 30 10 14 13 12 22 3 15 10 28 2 14 37 31 28 39 16 6 32 11 22 17 11 3
20 38 14 19 1 16 6 12 33 30 11 3 27 18 16 38 26 19 4 18 3 31 37 38 8
15 16 14 43 14 17 13 43 11 38 19 8 28 14 39 22 34 26 8 21 26 12 42 35 39
30 3 14 38 1 33 1 21 12 31 1 36 14 19 14 42 5 16 24 42 30 42 6 10 41
14 6 30 17 26 3 19 24 4 28 14 44 5 11 6 18 31 17 28 39 30 20 7 39 23
22 41 18 37 9 33 42 5 42 32 28 15 5 30 29 26 12 10 36 44 43 44 6 19 24
44 25 23 16 11 38 43 36 38 5 7 1 32 40 40 16 40 8 24 23 4 27 32 44 13
18 10 16 39 25 22 35 43 14 10 9 20 33 32 38 29 24 12 25 22 26 25 15 41 29
4 37 26 41 21 17 38 24 3 37 28 28 42 13 27 16 3 19 31 31 41 7 21 30 39
1601

26
17 6 29 5 37 10 34 33 39 13 33 21 36 37 38 16 13 12 9 40 29 17 37 31 9 34
34 28 25 26 1 25 40 35 6 26 11 8 13 7 39 40 19 41 35 41 6 20 1 3 2 42
23 21 31 1 14 43 40 4 21 7 8 14 13 8 25 1 32 13 5 6 43 3 1 33 42 40
40 13 29 14 27 23 25 3 3 19 4 5 12 13 12 10 30 33 33 6 29 27 16 5 33 32
42 40 44 20 20 42 4 19 3 28 20 7 24 30 33 10 6 6 42 27 1 37 39 34 17 12
1 36 11 14 42 24 26 39 26 29 4 27 43 7 2 38 10 28 34 23 9 3 17 19 22 10
8 6 32 5 2 10 4 8 41 12 8 34 31 40 26 29 4 5 7 23 7 35 26 8 28 11
44 38 4 42 19 37 37 32 17 20 8 21 27 38 24 36 10 35 30 20 41 39 42 25 44 13
12 44 3 17 25 24 22 36 11 10 5 43 37 15 42 43 23 6 22 27 22 13 43 16 26 36
23 8 14 6 41 23 43 7 25 37 30 1 40 29 44 36 28 15 31 11 42 15 23 43 16 36
3 17 35 44 1 31 36 34 2 14 22 5 13 26 1 31 35 5 14 23 10 37 27 31 30 29
30 15 38 8 30 16 35 5 21 26 16 26 37 44 9 7 28 31 14 23 2 5 11 12 25 19
30 37 27 11 35 5 14 17 1 21 40 39 28 7 15 9 6 19 15 9 13 14 14 4 10 41
18 7 27 26 4 27 27 12 31 42 23 10 36 12 12 20 43 32 11 34 3 7 9 38 43 37
41 16 6 16 23 23 1 38 32 8 35 19 18 13 12 17 21 17 30 40 27 4 42 37 15 26
37 20 38 11 42 34 28 12 30 11 6 15 20 44 10 42 25 4 30 24 15 42 22 31 31 36
8 3 10 38 19 14 1 41 30 25 1 21 10 2 36 6 28 2 12 6 42 30 31 29 24 38
8 35 12 39 43 8 25 7 26 26 2 37 36 37 15 23 15 29 42 4 39 29 33 9 15 21
20 25 38 23 16 25 15 26 6 10 30 36 27 38 41 4 20 11 4 35 10 19 36 20 16 3
32 20 44 24 3 3 24 22 33 44 13 4 10 22 23 11 31 5 38 23 2 5 7 36 9 22
5 25 12 1 33 19 7 13 37 39 26 27 8 27 12 6 5 41 35 17 2 27 13 43 33 32
26 37 2 28 13 9 15 25 42 44 11 33 12 39 41 41 29 28 29 4 42 11 12 40 44 10
1 36 21 23 12 13 12 2 37 14 12 10 27 18 12 27 29 12 40 17 30 40 20 5 43 30
14 30 34 16 26 6 29 3 8 24 4 20 33 42 21 10 3 27 30 19 2 12 36 15 26 1
1 27 25 6 16 17 25 27 43 27 12 22 33 6 26 24 11 33 23 10 24 43 40 21 38 38
20 24 29 3 38 19 34 26 6 2 23 2 8 32 40 7 43 39 42 25 39 24 38 22 1 4
1611

27
25 23 40 35 6 34 34 35 29 15 17 35 36 28 8 4 2 43 12 2 35 43 12 20 17 31 27
36 37 9 2 16 31 40 24 3 19 38 35 3 35 34 35 36 27 23 7 10 20 40 5 6 27 44
11 26 11 20 18 19 7 42 42 21 13 2 4 41 4 5 30 8 9 10 12 1 8 20 37 38 24
17 17 42 4 41 33 32 29 42 37 43 21 16 40 38 36 15 24 26 20 10 7 16 11 42 41 18
33 10 19 35 27 24 39 35 25 1 18 17 13 17 13 6 12 31 31 38 14 18 10 38 41 12 19
15 11 2 31 6 44 16 43 20 24 3 17 41 21 6 13 35 42 7 14 3 42 1 4 25 12 4
5 15 44 25 38 16 6 25 25 24 15 12 18 41 18 37 26 10 14 35 17 8 6 19 41 35 43
16 17 10 43 7 39 41 12 29 20 44 9 2 35 40 26 34 21 30 34 17 30 6 19 38 11 21
31 41 10 26 28 3 18 34 9 15 26 8 18 21 30 34 17 27 2 13 44 21 27 16 43 12 2
26 31 11 35 5 41 18 10 16 20 39 16 6 28 2 32 11 9 14 12 13 31 40 33 37 37 42
21 10 14 38 28 17 2 36 3 42 24 21 11 44 11 15 15 23 12 40 29 43 34 16 8 29 44
33 39 36 23 43 12 44 41 1 2 26 12 43 4 37 43 35 31 32 3 12 2 17 26 11 26 42
13 23 21 42 30 43 17 14 41 12 20 26 10 12 4 11 13 33 11 13 36 37 44 44 29 21 26
32 31 23 10 12 17 15 31 19 25 5 40 13 26 35 40 31 15 6 22 36 9 36 5 38 1 13
6 21 23 21 13 10 17 30 27 19 3 9 9 39 25 29 30 9 37 42 31 2 41 14 29 24 43
35 23 39 19 17 11 5 10 11 40 4 36 31 41 41 8 21 29 7 41 28 11 24 6 40 1 3
27 5 24 10 37 33 12 27 7 32 1 30 42 5 30 15 34 27 17 7 2 34 38 21 30 22 28
16 24 44 34 23 16 9 22 5 32 31 12 3 20 15 35 20 20 43 10 36 42 41 35 24 24 39
1 37 11 4 25 15 6 40 3 8 43 23 14 33 28 25 27 4 16 14 31 32 43 18 1 31 13
36 18 27 9 10 43 22 8 29 39 29 7 41 42 24 12 28 22 42 29 21 9 17 14 31 9 10
8 14 39 37 3 38 3 15 22 21 43 33 24 37 25 43 31 43 42 19 17 8 21 16 41 3 3
36 27 2 13 22 2 34 14 39 35 2 26 13 39 27 2 36 30 33 18 36 41 11 30 16 34 34
38 44 38 24 41 44 35 11 33 21 8 21 32 35 23 31 9 30 18 29 24 35 7 30 30 9 30
11 40 17 17 42 33 12 41 15 2 12 6 26 23 28 39 25 28 9 2 28 14 10 3 1 42 6
10 3 38 8 38 33 15 25 16 16 5 11 33 20 39 9 29 41 25 37 7 41 40 26 2 22 7
3 42 30 14 16 1 28 2 38 21 38 18 17 11 42 12 23 21 18 20 27 33 5 26 6 20 5
43 14 8 12 6 16 26 13 28 31 3 33 10 6 18 1 33 36 23 8 27 9 29 17 5 29 2
1619

28
43 29 5 29 26 6 6 41 5 25 7 32 43 30 35 34 2 38 18 6 30 12 13 30 24 39 37 17
19 33 22 40 5 5 8 15 34 29 10 28 7 39 30 30 41 10 43 5 17 3 31 14 35 33 18 31
17 20 5 32 14 33 23 17 3 12 27 38 23 20 44 17 29 34 43 36 27 27 34 15 40 33 1 16
2 9 5 17 32 21 43 15 25 23 15 18 16 14 28 30 27 5 26 42 4 14 30 1 34 27 5 35
31 35 36 25 33 7 15 39 7 11 7 2 21 30 37 6 19 25 20 14 44 5 32 36 7 4 13 32
24 4 27 5 17 9 28 35 32 34 30 10 43 33 23 17 43 25 21 18 22 24 26 9 8 35 36 27
3 1 19 30 38 27 15 3 28 2 30 13 2 3 19 30 40 10 15 11 26 16 37 26 27 40 11 1
23 19 42 26 17 2 32 32 16 1 16 16 19 20 33 41 40 8 17 19 5 41 14 42 20 26 1 32
8 37 3 43 17 15 25 10 5 4 41 44 16 32 14 39 38 44 36 6 27 41 31 20 24 36 40 26
6 1 6 36 2 44 24 23 43 17 44 5 40 24 36 36 12 17 4 18 28 19 4 21 34 39 6 11
7 28 20 25 19 44 5 5 43 5 43 17 8 36 41 22 44 32 11 4 5 40 8 7 33 22 43 31
41 29 3 7 38 13 17 16 42 19 30 41 20 32 38 8 18 31 10 37 23 27 22 2 29 3 7 11
20 13 37 41 2 18 8 14 2 37 23 39 19 26 24 25 3 14 29 18 2 1 33 3 13 7 9 15
8 1 22 36 7 6 40 29 27 33 40 2 25 25 6 26 8 15 18 41 3 41 43 15 19 34 10 19
25 34 29 39 10 38 6 2 15 32 32 13 30 40 43 15 19 27 37 22 40 8 39 42 33 12 12 12
3 7 18 18 41 22 5 37 4 1 36 31 19 5 11 21 28 6 12 8 43 29 41 36 41 33 23 17
40 32 7 43 26 38 43 9 14 15 17 9 36 6 11 19 36 7 3 36 41 18 15 28 44 5 14 18
11 26 22 9 43 32 42 16 38 38 6 26 6 3 7 14 33 4 16 37 18 23 1 35 30 32 21 22
18 24 43 21 25 26 43 33 37 8 10 4 9 40 25 42 1 22 31 38 12 1 39 41 33 21 1 32
26 32 23 12 12 20 43 15 39 29 2 25 5 19 21 26 38 13 29 23 42 3 34 9 1 27 11 17
30 2 33 4 25 11 7 5 30 43 37 33 41 11 3 17 20 7 34 37 25 14 4 21 37 22 35 23
43 14 11 29 9 26 29 38 41 42 44 38 12 17 40 39 20 41 26 31 44 17 33 39 38 19 37 17
43 12 12 3 21 28 7 16 33 9 25 16 26 10 21 23 7 40 25 8 18 9 1 41 41 4 23 26
25 16 35 35 34 13 40 29 31 41 18 29 10 24 6 12 17 11 5 35 41 11 32 42 38 29 43 34
11 16 7 17 5 25 35 18 18 34 27 14 15 36 36 11 22 41 42 38 3 34 25 31 43 33 29 15
28 38 41 5 14 6 18 16 35 2 24 30 34 33 39 27 28 36 21 6 20 22 21 41 31 6 31 22
35 20 18 17 40 21 34 25 37 22 1 9 18 20 21 21 18 13 5 14 40 42 3 8 12 24 39 7
17 1 18 9 20 41 25 15 28 7 34 13 44 15 34 7 36 13 32 44 1 44 24 19 1 17 27 38
1825

29
44 8 39 19 3 5 23 37 24 42 6 22 18 2 41 8 15 40 4 10 8 34 35 8 18 19 39 21 11
22 7 12 9 44 13 1 17 5 10 40 32 24 14 18 38 15 40 24 34 16 14 2 2 12 21 10 18 31
2 28 11 2 27 3 35 39 14 19 34 41 36 11 30 9 23 29 21 17 15 3 24 16 32 40 9 6 10
41 23 3 27 30 4 27 30 30 41 11 27 44 2 21 34 37 25 3 17 37 34 37 34 1 17 43 5 39
14 32 39 30 29 17 40 31 14 6 7 3 23 37 32 10 34 16 2 3 26 40 15 6 34 17 8 31 14
27 14 5 22 35 17 10 17 42 15 29 26 3 23 20 41 14 15 42 5 24 12 2 42 3 14 19 17 33
40 12 10 10 18 32 37 3 26 33 20 23 38 37 1 18 22 23 17 40 10 20 3 10 26 35 15 12 8
20 22 42 37 28 2 3 19 16 30 36 27 38 33 27 22 26 30 19 1 24 26 35 3 22 24 21 10 44
29 28 17 25 40 7 12 23 30 10 35 43 43 6 38 25 13 16 32 21 33 44 5 40 11 28 38 31 40
16 4 26 38 20 32 3 19 2 43 26 15 44 41 21 29 3 26 20 42 22 9 8 33 33 12 29 23 21
15 12 13 25 28 15 6 9 5 24 19 35 7 11 18 6 6 34 4 28 12 8 3 19 33 18 7 41 38
6 8 3 24 42 32 31 14 35 16 26 15 20 43 2 1 8 15 42 35 27 27 23 25 39 10 7 10 38
37 10 8 10 16 44 16 16 11 10 24 31 37 16 18 23 14 36 10 1 19 26 3 9 6 11 23 30 23
29 32 26 22 21 42 7 18 5 5 43 31 29 41 6 19 4 35 12 5 3 26 18 41 9 20 11 7 44
4 5 22 31 38 27 22 42 10 16 19 12 5 9 32 11 15 34 30 41 35 3 21 12 26 20 4 14 29
13 1 31 44 19 2 44 22 1 35 14 29 22 39 19 38 38 42 17 31 31 39 31 26 10 9 2 28 10
6 18 23 8 14 41 16 32 12 31 8 33 33 15 43 16 13 14 9 3 19 32 23 31 28 43 19 15 6
34 10 44 16 13 39 18 36 22 9 42 3 6 26 12 10 43 42 24 32 10 42 40 37 26 36 18 40 36
24 15 22 1 27 22 21 8 17 21 20 26 25 35 5 11 44 13 6 11 22 30 1 39 28 40 37 14 8
35 21 22 22 44 42 38 20 3 24 5 35 3 26 22 5 7 30 8 35 26 26 23 12 30 15 39 15 28
18 31 30 7 1 26 1 42 5 25 37 12 36 42 34 2 20 20 4 24 35 21 10 30 23 26 10 42 10
36 29 4 24 37 30 37 19 29 3 44 21 7 2 6 15 24 35 28 34 11 10 40 35 35 38 41 22 1
28 19 17 3 33 13 40 34 33 43 13 41 27 36 18 4 3 28 19 5 15 44 36 26 8 44 27 34 14
33 44 33 15 18 1 28 28 19 19 34 10 26 35 36 16 37 28 18 23 31 33 10 22 18 30 29 28 36
39 33 31 7 21 1 44 24 26 9 36 34 21 29 9 30 40 34 10 44 10 16 16 9 11 27 1 34 11
42 33 17 1 36 24 30 4 3 5 34 37 36 11 19 27 34 11 4 1 37 22 41 19 29 26 24 18 22
40 38 1 10 14 29 21 20 34 30 5 24 26 37 29 20 7 18 5 41 26 22 17 41 34 19 20 37 42
16 10 44 13 26 7 12 34 28 23 27 43 8 44 25 44 22 11 30 12 44 23 9 20 21 41 18 22 4
20 39 9 29 23 18 20 5 11 1 30 18 30 23 40 22 43 19 23 36 41 12 8 35 25 42 38 2 25
1792

30
14 24 44 20 27 35 27 4 27 19 17 4 9 1 10 3 15 16 8 2 10 43 21 43 36 33 18 40 36 41
37 28 39 33 10 5 35 24 9 1 29 15 30 42 26 35 10 33 36 14 3 27 31 14 34 16 4 1 28 39
17 31 12 30 26 34 10 20 36 5 13 35 7 7 17 40 14 23 18 1 23 29 5 22 38 11 41 25 44 39
2 34 40 14 29 43 3 44 16 36 26 34 42 31 2 12 20 25 42 39 2 25 28 28 16 33 27 34 37 16
37 29 21 42 4 24 40 37 23 19 37 15 8 26 20 34 32 18 21 27 35 16 28 5 37 22 7 13 43 40
16 14 8 1 43 41 14 1 28 23 17 28 3 24 2 32 18 2 9 27 2 9 13 11 26 22 1 16 5 26
18 27 39 27 3 24 7 8 27 23 20 31 35 43 10 8 14 4 4 6 5 5 5 16 39 7 1 42 19 22
40 42 41 2 5 34 33 20 21 23 25 11 19 30 7 15 18 15 1 19 8 42 13 43 22 13 23 24 33 40
24 10 33 6 27 23 35 34 38 20 19 38 28 25 26 39 31 19 9 24 33 30 41 1 14 43 29 42 24 37
12 9 32 25 43 16 22 14 3 29 24 29 21 26 44 14 14 32 18 28 26 4 15 9 8 38 13 32 36 28
38 38 11 1 9 11 7 3 27 11 17 18 16 25 1 5 10 16 2 44 29 42 24 41 12 8 38 23 18 6
3 35 22 19 35 31 18 20 17 34 8 12 6 8 12 8 32 35 9 3 29 42 30 36 44 41 14 15 34 1
17 28 29 21 8 26 41 42 34 14 31 34 43 13 37 18 36 17 30 4 20 4 15 16 22 6 6 30 20 38
17 4 31 16 18 24 28 30 44 30 12 35 2 39 17 39 43 17 44 26 6 41 29 30 26 13 14 14 44 3
21 11 22 40 41 27 4 27 40 14 34 7 17 44 37 29 3 20 43 28 7 33 31 38 33 20 19 2 35 5
10 14 31 41 10 2 14 6 42 34 36 16 22 30 37 43 25 30 38 42 11 38 15 17 41 32 24 28 8 21
8 2 37 36 4 20 21 21 34 35 15 41 23 10 36 36 12 1 2 34 40 34 8 38 38 16 44 15 1 23
23 31 43 21 26 34 23 31 27 17 23 4 40 3 27 14 16 6 25 6 21 23 27 18 26 19 39 44 42 32
21 7 20 12 13 29 43 2 28 3 13 26 19 30 12 37 38 6 11 24 44 39 34 40 2 44 5 25 40 8
40 24 33 39 40 16 29 28 35 42 16 15 22 23 37 40 4 41 6 34 25 34 33 19 32 27 17 25 10 14
25 18 6 20 7 34 37 24 34 40 8 11 16 14 9 30 17 12 3 7 40 8 20 7 28 7 35 15 7 14
44 4 18 22 17 42 9 3 16 4 3 24 8 10 26 15 19 19 10 3 11 6 23 4 18 18 43 43 37 1
43 23 18 21 41 5 37 38 42 11 21 15 40 43 5 16 1 10 26 14 33 16 5 4 3 38 26 15 4 43
44 10 10 16 6 24 7 31 14 21 22 25 22 44 27 41 11 24 43 2 18 33 18 23 13 27 19 14 18 4
23 22 35 43 12 11 5 24 38 26 10 14 41 5 36 8 38 6 22 7 27 3 16 3 26 11 37 31 3 23
5 38 13 10 43 1 34 24 32 17 37 31 30 18 37 5 37 13 32 5 33 14 37 12 21 21 6 32 18 2
18 18 22 16 21 17 1 31 7 36 18 15 18 6 15 41 17 43 11 21 19 24 44 43 34 35 2 2 34 22
39 2 6 31 43 19 10 15 41 20 4 6 7 41 31 19 40 31 42 25 4 8 22 41 27 38 18 23 27 30
16 44 41 29 41 17 9 32 7 40 31 3 2 35 18 13 18 3 12 16 40 15 4 10 19 32 25 10 4 5
1 31 32 12 5 5 9 22 44 15 10 9 25 3 38 2 6 32 24 14 21 16 12 12 35 2 41 32 11 10
1849

31
32 43 41 2 10 23 14 5 23 26 41 4 7 14 39 30 24 31 25 35 2 19 31 33 34 39 43 21 23 26 10
26 22 42 37 6 6 29 23 40 36 41 33 31 25 31 42 22 15 20 41 8 40 10 44 14 12 9 13 15 25 38
26 41 17 16 26 9 21 33 24 40 9 30 44 6 31 1 8 3 42 22 7 3 29 2 30 13 43 24 39 42 17
8 15 42 15 36 15 10 6 33 1 26 41 2 44 11 11 38 27 12 1 10 18 4 32 23 12 15 30 14 11 42
39 26 23 2 15 2 35 39 31 43 42 10 21 25 7 28 3 20 2 5 41 28 41 7 34 12 11 36 24 44 24
36 22 3 32 15 23 43 40 10 4 33 26 2 13 9 27 7 16 29 13 11 12 6 1 11 30 17 12 4 35 43
16 31 19 6 32 18 38 37 6 5 24 37 2 9 3 39 38 26 30 5 21 40 31 14 24 16 3 21 30 6 31
37 19 5 18 39 28 7 21 9 13 24 23 9 32 20 5 36 9 35 23 31 18 31 23 20 44 6 26 17 16 18
8 44 18 31 19 41 36 8 12 32 6 21 36 41 17 23 26 5 12 11 12 40 28 1 19 32 27 42 39 22 26
5 37 40 16 24 36 1 1 8 1 1 23 36 25 41 40 26 4 22 24 22 5 5 6 13 17 18 12 31 15 38
14 35 6 2 28 40 25 38 32 26 4 4 11 11 17 36 20 23 37 1 39 17 42 4 44 33 34 4 7 18 33
14 38 7 32 32 30 24 13 44 1 11 35 43 18 2 39 40 40 25 42 34 39 14 44 41 37 2 2 40 7 21
31 14 38 35 10 4 23 29 6 40 10 37 44 28 27 44 31 42 38 39 9 27 20 43 19 24 7 36 40 28 22
18 37 24 25 22 5 27 36 35 17 11 19 3 25 3 15 17 15 38 16 4 2 13 13 5 38 39 16 31 41 32
34 23 18 37 44 20 4 5 39 4 7 4 22 43 8 18 18 17 10 35 21 2 13 18 16 25 12 21 28 11 12
6 38 29 21 41 29 33 3 39 13 10 44 12 42 43 35 15 41 21 21 43 21 7 12 33 10 44 21 19 9 28
22 29 37 1 10 38 22 11 34 30 15 16 23 11 3 2 21 17 35 42 24 8 34 14 30 32 18 33 32 29 12
28 30 29 33 15 20 42 34 41 37 31 32 36 29 5 28 1 30 9 24 5 29 12 5 15 39 23 16 22 21 34
24 5 18 31 31 38 23 32 27 24 28 38 5 37 20 43 29 25 5 17 3 23 5 8 44 19 25 19 21 41 26
13 21 4 8 27 18 43 19 35 23 42 27 1 21 36 7 12 39 41 38 35 18 4 31 1 44 10 32 13 14 4
12 30 42 16 18 2 29 38 25 31 6 14 39 5 41 5 32 9 12 13 25 25 3 35 39 17 17 8 28 8 12
7 21 19 31 41 3 6 18 6 27 2 16 7 30 4 10 26 4 40 23 23 1 1 24 32 27 7 21 1 30 22
10 18 20 44 37 21 19 44 2 26 35 7 30 24 9 41 6 36 7 35 4 33 29 33 6 21 39 44 15 41 29
18 21 6 36 42 32 30 11 34 8 4 38 42 33 39 16 1 23 31 2 30 38 39 18 22 33 32 38 17 26 20
30 6 41 18 30 25 32 11 9 20 25 18 28 1 39 32 44 12 5 38 21 28 39 44 24 26 32 14 10 44 37
38 8 32 18 33 1 16 9 36 13 12 22 26 6 21 12 18 28 2 32 27 12 32 43 2 11 42 38 5 37 19
2 9 28 31 10 40 27 7 31 29 3 14 26 9 7 14 38 4 14 15 31 8 13 11 26 21 34 17 22 4 22
5 43 39 10 13 43 19 11 17 35 21 16 4 24 43 7 34 40 41 4 35 35 22 32 39 41 17 5 34 6 11
29 27 7 43 15 31 44 38 16 20 37 42 24 10 36 9 31 28 14 44 21 25 44 32 14 21 7 16 17 26 15
22 11 25 37 33 42 26 28 20 35 2 26 29 43 38 43 23 3 32 31 21 20 7 34 4 28 20 29 38 25 28
22 34 5 16 32 43 18 3 12 5 1 38 9 20 44 16 34 21 23 29 13 29 40 38 2 4 36 33 6 22 41
1965

32
12 33 40 14 17 43 40 12 39 31 28 5 5 41 36 31 37 35 37 15 42 19 31 40 30 42 43 22 40 33 24 40
28 2 27 18 21 31 38 29 31 35 31 37 14 13 23 36 14 20 5 44 19 8 38 38 2 1 29 20 44 18 16 7
8 32 22 4 14 18 11 6 41 8 29 8 33 38 27 18 19 7 8 21 28 24 22 20 8 34 17 20 3 19 29 13
19 24 30 26 36 20 23 41 9 44 3 12 24 31 5 9 18 12 1 38 10 39 24 28 11 2 40 24 2 35 4 23
23 16 33 9 8 1 27 44 29 12 13 29 21 11 40 21 29 8 2 36 19 36 3 24 1 3 15 34 24 43 40 18
40 25 33 9 43 41 1 18 30 1 9 43 27 39 7 1 7 19 39 38 33 12 5 31 13 9 8 6 30 37 20 31
17 39 33 41 22 32 23 33 8 29 7 18 28 5 41 6 40 15 27 6 4 2 29 29 20 2 40 34 33 39 32 37
26 23 27 32 7 11 23 20 41 7 31 5 6 32 4 9 12 3 11 16 10 15 27 15 11 5 21 21 36 33 1 13
42 14 37 5 22 10 44 29 37 8 10 42 16 25 23 33 43 32 22 31 28 17 27 11 40 13 22 3 34 2 28 8
6 18 7 37 40 43 31 3 4 26 23 2 6 30 43 31 26 33 23 4 12 15 29 26 31 26 10 10 32 41 40 35
24 2 36 42 18 31 37 44 1 19 28 3 38 25 6 11 14 36 21 2 24 25 41 36 33 26 6 15 34 21 16 7
31 33 23 4 38 1 13 40 40 23 3 37 32 27 32 7 20 43 41 41 21 39 11 44 6 44 10 37 25 23 11 25
4 21 17 6 3 3 18 13 23 25 6 2 22 4 5 6 38 43 39 35 25 20 30 36 22 23 42 38 36 21 16 18
13 23 33 11 11 27 4 18 26 29 18 40 34 10 23 3 40 4 43 26 29 20 1 29 35 25 28 24 6 24 21 3
10 33 33 43 15 39 40 11 39 22 10 40 2 35 3 12 1 40 43 32 22 34 34 38 23 5 20 31 43 25 12 3
8 15 31 1 21 24 32 1 9 32 31 7 11 5 27 1 22 16 24 11 26 33 26 21 44 40 21 11 20 10 13 15
10 8 32 31 4 3 36 22 8 42 24 34 3 27 28 18 22 19 10 27 1 2 21 20 34 11 2 26 4 22 26 44
20 17 42 3 18 40 42 20 25 3 3 28 10 36 19 17 13 3 33 2 44 30 14 8 31 13 42 38 1 10 19 31
17 25 15 30 30 25 1 26 21 34 3 43 44 38 11 43 37 29 14 1 33 25 44 35 3 34 17 5 43 5 19 16
28 16 12 29 22 33 32 32 2 8 25 11 28 15 9 38 3 43 1 16 40 18 43 36 26 24 28 40 8 41 27 17
15 31 16 28 26 26 21 5 42 26 43 26 44 33 7 32 26 24 2 44 4 4 20 11 18 20 3 42 5 36 24 6
25 9 40 41 44 25 12 21 23 41 18 15 20 18 37 37 18 41 15 29 39 27 14 12 12 5 11 6 23 24 44 6
2 38 1 36 38 10 32 2 12 25 22 7 30 6 35 1 28 11 25 9 22 40 11 42 40 28 30 39 15 6 43 44
41 12 13 27 17 1 43 8 9 14 18 14 6 7 26 6 15 10 23 13 43 36 29 7 27 4 41 10 24 37 31 6
27 23 11 18 37 9 29 28 12 17 44 8 23 42 37 33 2 25 25 5 28 30 1 5 28 6 1 14 4 33 28 16
27 12 32 28 41 9 13 6 26 40 1 27 37 21 29 29 11 8 9 44 12 27 22 41 22 6 35 32 9 16 24 23
33 28 26 11 11 10 37 38 12 20 23 33 30 18 13 7 22 16 3 41 25 29 5 1 34 35 6 35 19 26 41 11
17 23 39 9 40 19 19 2 15 15 33 37 4 34 12 4 37 28 11 38 14 27 42 5 24 26 21 20 4 2 20 31
23 13 17 7 24 5 11 4 41 1 26 11 41 12 41 1 23 2 43 35 16 4 42 34 25 35 30 15 42 44 42 13
40 3 14 36 17 5 25 33 17 7 41 13 2 32 8 12 30 21 41 3 4 30 15 20 15 27 27 34 19 41 6 42
3 13 15 39 43 5 28 19 22 10 18 9 8 29 33 37 27 18 30 21 3 40 10 11 32 39 22 35 23 35 14 21
1 43 11 33 18 14 13 25 38 23 25 38 12 7 12 30 39 34 8 1 12 30 39 7 4 5 7 5 28 38 40 32
2070

33
22 23 25 3 21 27 37 37 13 27 39 43 34 19 1 36 20 23 24 11 34 33 21 11 10 15 38 13 14 12 29 27 36
38 9 17 31 8 26 39 8 17 1 14 39 38 29 24 6 38 34 35 33 24 30 34 3 15 38 7 34 24 23 2 42 13
7 40 10 28 5 13 41 30 3 18 32 7 17 16 30 14 8 21 22 39 38 12 9 20 15 17 15 20 5 28 38 44 17
27 31 33 15 23 33 21 39 3 21 13 3 41 42 22 21 21 17 3 24 4 19 39 32 35 13 33 43 21 26 20 24 32
35 34 30 42 44 29 32 1 1 36 36 40 18 19 19 37 44 29 12 35 21 13 8 36 2 24 10 1 23 18 22 2 33
15 6 9 37 24 22 32 15 23 4 28 4 36 18 39 14 7 22 41 9 33 12 22 26 38 40 20 20 32 23 28 14 34
8 3 13 11 1 21 8 24 21 42 10 25 33 10 7 15 31 17 40 25 38 44 4 28 27 43 28 2 13 27 44 21 14
15 29 15 26 4 6 2 34 29 13 14 13 2 6 31 14 5 2 7 32 33 41 8 44 29 29 2 37 6 12 38 43 34
11 18 26 37 33 28 11 39 35 9 32 35 16 26 38 42 33 8 26 38 33 25 19 21 16 42 19 5 9 29 18 20 16
24 35 32 5 22 16 18 40 38 43 32 21 9 14 4 9 40 17 4 12 5 1 30 44 6 21 36 9 7 30 7 36 13
20 37 35 6 37 12 36 9 42 40 27 32 1 7 28 16 40 14 13 14 8 11 23 5 32 44 1 25 9 34 8 37 40
9 34 21 13 3 3 5 12 4 7 5 4 13 5 14 9 38 11 17 38 22 5 9 15 31 18 38 12 12 44 9 32 35
36 37 18 8 3 37 11 8 2 4 4 18 2 20 39 31 17 15 23 36 43 18 4 25 7 27 29 10 38 1 4 43 18
13 22 13 41 1 35 18 7 30 21 2 6 41 30 43 43 25 40 29 30 41 37 18 33 38 1 21 9 1 15 2 1 5
1 33 43 26 35 16 25 5 30 13 42 3 19 10 42 31 11 13 5 19 13 21 21 4 24 3 1 14 10 6 16 19 1
1 41 41 1 18 35 25 5 26 12 24 21 31 19 35 24 22 35 3 41 26 37 25 13 40 2 32 15 11 39 25 42 23
2 19 14 1 31 38 22 25 15 32 9 41 27 38 29 10 35 33 15 13 23 19 9 17 28 6 16 4 10 38 31 32 27
43 30 1 21 23 36 41 26 17 12 5 16 17 13 9 4 6 21 7 10 29 1 27 10 42 18 26 22 19 15 21 1 22
14 28 8 28 33 12 42 18 32 6 8 4 2 12 37 7 44 5 18 25 23 43 43 4 35 24 6 11 20 8 3 36 5
38 3 29 2 20 17 9 10 36 41 39 20 7 41 6 33 16 19 10 4 20 44 16 30 5 37 10 7 32 43 25 3 16
43 8 10 8 6 24 33 9 16 31 3 4 29 29 28 44 22 4 34 37 33 29 39 32 44 41 28 8 3 23 37 16 36
4 8 33 41 26 10 39 22 39 5 13 14 26 21 9 27 7 10 39 36 11 28 15 14 23 8 9 41 26 7 38 39 31
13 25 22 39 4 40 39 39 16 39 25 26 19 18 21 20 25 40 13 42 25 26 21 38 20 18 18 1 42 41 32 12 19
27 14 40 31 33 4 14 1 41 40 34 35 32 5 34 32 22 1 12 26 41 7 31 4 28 19 30 23 38 42 19 7 14
8 36 5 25 33 37 36 43 42 28 31 32 4 33 14 28 13 21 41 21 30 23 21 27 37 4 14 18 36 7 44 21 27
21 25 13 30 7 33 8 20 27 43 23 1 17 25 31 16 39 26 22 23 30 28 29 16 22 33 30 24 19 7 36 29 10
5 27 8 2 43 6 32 34 1 3 24 42 27 21 23 28 3 41 26 22 43 41 38 40 42 8 19 4 29 2 21 8 39
35 12 43 23 15 41 20 34 34 30 25 5 18 40 13 7 41 16 10 11 7 11 9 33 12 4 35 32 28 5 44 27 17
4 36 9 25 5 32 1 6 33 10 12 14 35 25 13 6 42 33 30 11 42 32 24 3 10 12 11 6 32 6 29 31 42
33 15 5 5 27 36 29 10 5 19 2 41 20 21 24 23 27 31 17 14 17 20 16 12 6 15 38 22 39 18 27 26 26
16 3 10 9 2 15 41 2 1 37 14 23 7 35 35 31 28 6 19 12 17 26 14 43 37 43 12 43 7 16 31 36 20
16 4 19 14 15 26 17 21 12 16 27 2 33 44 24 3 35 11 12 8 15 9 35 34 11 16 3 4 42 39 29 6 23
3 35 32 17 18 14 25 3 35 6 10 31 42 4 43 32 41 17 5 19 29 6 8 13 29 3 43 23 13 24 17 32 21
2047

34
4 15 37 5 26 41 11 15 25 17 14 39 6 15 24 35 8 5 1 22 18 26 21 2 21 42 35 40 25 5 7 26 36 13
32 3 25 1 4 32 22 28 23 14 4 33 13 34 42 25 15 22 35 5 16 23 38 36 28 29 7 15 35 20 11 33 4 37
28 22 10 7 2 14 44 34 4 8 43 32 30 1 43 1 35 30 35 31 41 10 9 34 18 20 26 7 38 3 4 16 30 20
7 20 15 8 21 22 6 27 19 31 37 40 44 6 17 35 30 25 42 17 40 18 13 21 34 26 33 37 41 1 4 27 3 10
39 23 30 28 9 14 26 15 35 23 41 22 21 20 35 3 17 23 18 13 25 33 8 38 18 39 34 13 30 19 27 11 38 34
12 39 5 3 17 29 36 25 28 35 25 12 5 13 2 38 28 26 10 35 29 6 15 36 10 14 24 13 30 17 40 31 29 31
9 41 43 15 7 33 22 44 5 18 14 7 34 21 11 37 35 2 2 3 5 6 24 14 38 3 6 23 40 12 39 39 27 19
5 6 40 14 19 21 13 30 2 42 22 3 24 4 3 37 26 38 29 26 26 4 17 29 22 4 28 44 5 38 23 20 24 16
17 6 41 22 27 25 35 20 5 27 36 35 23 2 20 3 30 1 10 1 37 1 34 11 37 16 37 14 26 8 19 3 24 8
31 41 41 5 12 4 36 7 44 34 38 31 25 26 24 2 9 23 11 23 24 16 16 31 30 12 33 21 39 41 9 33 12 15
16 24 7 25 34 6 9 30 2 44 17 6 35 11 34 24 43 41 37 1 29 15 26 10 20 44 16 15 12 3 26 6 20 10
11 1 39 29 33 5 15 38 15 17 14 24 21 22 31 15 42 13 41 11 31 1 42 41 5 34 34 38 19 43 19 12 31 25
44 34 29 15 8 32 31 35 1 9 41 41 24 38 29 41 5 13 9 9 23 10 3 43 24 43 15 21 20 16 43 2 38 40
22 42 31 27 5 9 25 41 1 34 1 9 11 41 10 22 39 6 3 22 2 35 32 31 36 9 18 11 16 29 11 40 4 28
16 31 11 23 9 1 28 27 10 14 43 16 33 19 11 42 22 37 43 16 38 32 11 44 36 41 36 15 26 16 23 5 6 27
25 24 12 17 41 3 39 20 25 19 33 21 21 43 44 18 8 18 41 32 34 29 21 11 31 13 10 13 2 38 35 38 10 6
39 31 31 6 40 41 21 19 8 37 12 15 20 37 15 8 9 5 9 18 38 41 3 1 30 29 37 26 18 32 28 39 11 15
4 13 31 2 22 1 12 16 21 29 44 17 37 17 43 38 29 30 29 37 13 43 29 31 21 11 4 40 1 21 9 17 5 6
33 2 22 7 28 9 6 22 20 19 1 13 37 21 28 25 3 42 11 18 3 6 29 1 26 11 41 16 15 1 20 27 12 31
29 41 17 22 3 21 31 35 23 11 30 8 19 28 12 21 19 12 7 31 4 28 18 21 26 17 12 35 8 19 43 19 1 7
36 32 8 25 39 34 31 12 27 19 15 19 37 14 5 39 27 9 21 26 28 1 23 40 41 31 10 41 28 5 13 12 7 12
36 25 13 38 17 18 44 36 1 44 7 8 24 42 30 13 37 34 43 20 23 36 9 12 28 8 25 34 28 23 7 3 12 25
23 25 26 33 36 3 26 36 1 24 34 34 8 12 12 16 12 23 14 31 34 1 16 1 11 10 37 10 8 23 37 4 40 43
20 6 31 4 43 40 38 31 36 29 23 39 1 13 23 13 12 29 34 25 36 23 9 26 23 27 10 16 29 22 32 31 38 9
36 6 29 8 24 19 38 3 10 31 23 16 9 25 32 39 12 9 14 16 8 42 41 6 26 17 30 22 3 14 42 36 2 37
21 17 29 4 5 16 32 33 13 23 3 8 18 30 29 34 11 23 17 23 2 39 10 24 27 8 33 16 1 41 33 31 15 17
4 15 11 8 5 43 28 19 29 18 3 19 43 44 37 14 3 20 20 24 35 27 8 6 22 41 27 17 33 17 35 16 37 2
27 15 23 4 18 19 39 28 10 36 21 8 9 34 23 31 38 13 12 35 26 22 8 6 31 8 17 12 30 12 28 31 26 42
18 23 35 43 2 2 29 8 17 16 30 14 33 37 38 3 24 22 5 3 20 6 8 17 18 11 2 27 42 43 9 34 27 12
17 1 40 39 12 10 7 18 5 37 21 17 20 24 19 27 33 7 27 24 22 13 15 19 26 36 44 2 11 19 7 40 32 22
21 37 7 29 10 39 40 3 1 16 41 1 36 23 9 16 10 2 7 3 34 4 31 22 14 20 11 5 8 30 30 25 29 43
3 26 21 5 41 32 28 20 12 44 22 25 1 22 38 39 10 5 34 30 32 17 7 30 15 35 29 36 39 15 30 16 17 37
21 28 40 5 6 20 20 14 37 32 1 33 20 34 12 13 21 25 36 44 11 30 20 35 34 7 4 37 25 41 14 6 9 8
1 11 44 5 44 14 11 18 25 20 30 27 15 40 25 27 39 6 25 18 27 35 8 5 16 43 17 28 34 41 18 39 25 13
2095

35
29 41 35 8 39 28 43 15 31 24 5 36 9 12 14 1 18 32 27 11 40 11 32 41 37 13 22 44 21 22 7 4 28 29 34
12 33 12 37 32 2 13 36 18 8 21 2 9 39 19 4 44 11 43 23 18 10 38 16 26 7 44 39 9 18 1 8 25 22 3
12 7 39 39 9 28 19 14 33 16 12 13 5 3 19 8 37 30 6 16 2 39 40 12 26 3 18 27 44 7 13 22 31 37 7
42 5 16 34 40 44 40 6 1 14 38 39 36 35 11 9 23 19 7 1 18 11 28 13 7 10 37 15 26 3 35 26 13 40 21
3 21 40 11 17 7 33 40 42 33 9 27 37 34 43 35 4 25 36 34 32 22 4 27 30 7 26 24 43 24 12 26 40 14 8
32 27 8 35 38 29 16 30 25 43 28 44 25 28 12 32 2 21 7 34 26 18 13 25 10 26 10 42 19 21 27 31 23 27 12
8 40 34 42 5 16 36 23 29 3 8 1 41 31 36 11 5 34 25 27 14 14 27 26 13 20 18 12 4 17 42 22 43 16 4
36 12 24 3 18 35 40 29 23 2 25 13 11 27 11 22 41 43 44 42 39 14 9 30 30 42 24 19 13 6 31 3 25 27 44
43 26 31 7 36 19 30 5 24 33 7 8 29 38 39 1 24 43 19 10 23 4 38 18 20 11 21 17 18 16 22 33 29 28 12
41 11 36 9 24 10 10 29 41 23 35 40 26 18 6 7 5 7 17 21 40 32 14 31 26 43 13 31 8 11 18 23 2 26 43
35 32 35 40 1 14 19 41 39 29 15 40 43 13 9 18 27 12 7 17 9 41 5 27 25 41 23 22 31 6 13 39 44 20 15
20 15 11 17 8 21 35 20 2 11 3 15 19 43 38 36 11 39 9 35 38 28 8 15 5 36 42 11 33 17 21 40 23 42 34
4 16 40 44 41 18 21 3 16 22 26 4 23 38 15 3 44 35 30 21 37 7 41 13 16 24 25 31 30 35 8 37 22 10 34
20 15 40 13 17 18 25 36 37 23 33 19 18 19 15 22 5 38 21 42 41 20 28 28 17 38 34 17 26 15 34 26 14 4 39
32 4 23 13 4 12 15 4 34 27 6 8 12 16 13 3 43 2 12 38 44 32 13 40 24 28 8 11 23 34 8 5 14 24 27
19 27 25 17 31 26 17 39 1 12 30 22 2 13 13 35 25 3 11 40 1 36 27 33 21 4 5 26 1 20 1 38 32 33 39
20 19 29 26 12 27 37 12 29 38 6 6 42 11 43 28 3 4 29 27 27 1 36 41 27 22 36 38 25 12 37 35 14 19 37
16 40 21 44 13 8 24 43 39 15 42 8 16 2 37 42 35 4 6 12 19 27 33 43 34 36 43 31 17 2 16 37 24 18 27
32 26 5 16 19 4 3 41 26 29 14 20 37 32 14 3 31 8 7 18 34 7 22 10 22 9 37 26 38 44 6 29 42 19 6
16 31 32 31 9 17 31 7 15 21 16 7 44 3 44 29 29 17 1 38 25 5 39 39 11 11 22 4 26 24 30 23 18 27 43
16 43 21 42 2 3 44 8 34 6 3 38 23 39 15 21 12 42 26 25 12 36 38 21 42 40 27 26 35 35 38 33 17 5 28
31 9 20 44 35 25 41 6 33 8 17 43 10 12 4 19 26 37 3 31 25 6 1 44 7 21 19 18 44 13 14 22 19 11 29
13 37 43 35 44 16 30 5 13 26 41 18 14 32 16 13 41 15 18 3 25 8 20 37 15 7 24 7 21 39 40 25 43 27 36
27 27 2 3 16 39 1 32 19 10 3 5 31 28 1 17 8 1 8 4 5 17 6 20 38 37 24 29 19 30 17 19 32 40 33
30 40 12 2 9 25 21 1 28 13 2 38 23 20 22 33 24 35 23 31 10 22 26 10 24 15 17 14 34 37 28 18 35 39 15
22 40 44 44 24 29 17 22 8 36 44 1 9 41 42 38 29 9 9 23 9 14 2 23 38 9 7 12 35 29 29 3 28 5 1
37 25 36 44 3 38 44 18 18 25 14 8 18 36 44 44 9 26 16 7 9 38 21 7 15 23 5 32 24 8 41 18 4 40 5
14 38 9 7 30 9 40 28 42 24 1 33 20 36 30 20 22 12 43 37 44 4 29 29 25 33 12 39 11 29 41 5 22 32 31
7 1 19 31 42 13 10 24 28 15 34 30 41 39 33 19 6 6 4 6 11 9 24 26 41 41 2 18 14 27 41 12 32 5 24
19 3 26 1 24 34 24 2 15 36 4 16 1 22 10 36 43 18 27 20 42 21 37 34 2 12 37 10 1 19 22 42 36 15 15
17 25 6 25 16 31 7 10 35 38 26 1 41 5 36 42 38 6 29 26 42 10 36 44 12 42 15 2 41 14 7 24 30 8 37
11 38 38 12 34 36 12 3 41 20 11 40 6 10 21 29 37 7 34 17 8 33 7 13 19 17 6 13 22 32 2 15 33 12 25
4 44 39 40 35 31 8 39 24 1 2 9 36 20 29 14 18 41 36 30 23 32 26 37 18 30 43 25 10 19 40 7 39 29 18
29 43 12 44 30 44 38 27 12 18 8 14 38 37 18 29 19 42 26 3 17 19 2 23 5 32 27 30 6 5 39 15 8 3 44
16 7 42 6 30 29 5 14 20 10 17 6 33 36 35 22 10 13 27 1 11 41 34 39 43 18 9 22 7 23 38 7 35 37 3
2361

