2
2

3
6

4
20

5
70

6
252

7
924

8
3432

9
12870

10
48620

11
184756

12
705432

13
2704156

14
10400600

15
40116600

16
155117520

17
601080390

18
2333606220

19
9075135300

20
35345263800

21
137846528820

22
538257874440

23
2104098963720

24
8233430727600

25
32247603683100

26
126410606437752

27
495918532948104

28
1946939425648112

29
7648690600760440

30
30067266499541040

31
118264581564861424

32
465428353255261088

33
1832624140942590534

34
7219428434016265740

35
28453041475240576740

